TP: [4428, 633, 2270, 1890, 6194, 4793, 2502, 5013, 5918, 4964, 2601, 6796, 135, 898, 628, 2652, 559, 4961, 3940, 4325, 6517, 1305, 4463, 3022, 233, 1693, 6382, 1010, 6632, 1077, 4301, 24, 2768, 2259, 3145, 5232, 7228, 6263, 1017, 6539, 4123, 2375, 7153, 4082, 3180, 6251, 3251, 1062, 6991, 3960, 2650, 1837, 3683, 6300, 975, 2978, 6551, 1206, 7034, 5025, 384, 3404, 1334, 3117, 6345, 986, 677, 2348, 2972, 2850, 3597, 6287, 130, 3677, 1759, 147, 2716, 3877, 6550, 7029, 5493, 3338, 6150, 4015, 2296, 6262, 1227, 317, 3017, 4913, 2350, 1289, 5393, 6313, 4829, 6589, 904, 3314, 1276, 3002, 1329, 4904, 3861, 2013, 3256, 1884, 4596, 5023, 6153, 2018, 1857, 96, 3004, 4878, 1436, 6898, 3771, 3859, 1575, 2484, 4330, 3341, 2134, 7260, 4485, 5731, 1032, 1597, 2676, 6965, 7157, 3492, 6480, 6808, 5159, 4432, 5042, 812, 5158, 757, 2764, 3648, 4254, 4266, 6737, 1099, 146, 56, 411, 90, 6708, 5982, 906, 6586, 6557, 4275, 4830, 2148, 4741, 2928, 2691, 696, 3646, 3051, 3061, 5210, 4314, 5604, 5077, 2381, 1388, 4606, 6221, 930, 1414, 2068, 143, 2041, 4402, 6448, 4769, 5591, 192, 5917, 4723, 1989, 6757, 2021, 6553, 4939, 1812, 5922, 4169, 535, 933, 4921, 2465, 2886, 870, 4190, 621, 5524, 3072, 406, 5186, 6220, 6752, 436, 1855, 3647]
TN: []
FP: [4627, 6892, 3433, 1175, 2448, 6279, 5798, 1178, 5354, 6013, 3194, 5904, 5873, 3352, 1624, 2740, 3774, 337, 5512, 2427, 5867, 2437, 1134, 3906, 2456, 462, 3362, 1684, 3350, 3985, 1120, 3435, 1493, 1820, 5869, 1104, 1401, 5364, 2295, 6909, 5535, 2578, 1112, 762]
FN: [6253, 7114]
TP: [2471, 4329, 1641, 4886, 2670, 4790, 806, 1782, 3293, 792, 5268, 6931, 4963, 4136, 1946, 2146, 5108, 6322, 6524, 1719, 3822, 783, 1036, 7188, 2249, 2372, 6643, 285, 1209, 4598, 3448, 7049, 2633, 1554, 4492, 4994, 3109, 7033, 2425, 1715, 6404, 2931, 108, 3520, 4456, 6548, 2277, 5309, 1783, 810, 3127, 6458, 1796, 1456, 1548, 5100, 3724, 6993, 1435, 150, 1280, 5621, 883, 1718, 4932, 4806, 4522, 3315, 6600, 3211, 2876, 1463, 3131, 802, 6814, 2655, 6236, 3605, 2767, 1699, 4504, 5105, 4471, 860, 703, 922, 1417, 1920, 6700, 5297, 6519, 6978, 1899, 2125, 6162, 2094, 1648, 5957, 2660, 3424, 3937, 2477, 2658, 6628, 4016, 2323, 1653, 5862, 4021, 6465, 2950, 6365, 6945, 3745, 712, 5245, 291, 1944, 2878, 3471, 5253, 7145, 5143, 4264, 5728, 1803, 3620, 1745, 2362, 1270, 7080, 1277, 7142, 5197, 2844, 3049, 4567, 4625, 5027, 5643, 1892, 6413, 1413, 3170, 3674, 2330, 5111, 63, 3476, 3297, 1991, 3953, 219, 5339, 6515, 3669, 928, 6390, 5196, 4781, 3474, 487, 3719, 54, 4342, 4709, 2176, 1804, 3572, 2870, 1633, 3833, 828, 6731, 3684, 6238, 6606, 1012, 3034, 2729, 2901, 3510, 1606, 5220, 1464, 2112, 2977, 5479, 354, 352, 276, 4674, 5212, 6532, 1033, 6679, 3089, 2757, 5613, 3838, 3460, 4498, 3654, 3704, 5886, 7151, 6074, 6759]
TN: []
FP: [5283, 1496, 3917, 3905, 6113, 765, 1403, 5367, 1163, 5415, 5823, 6010, 3360, 6840, 4354, 4356, 1527, 5806, 7197, 5361, 6914, 5366, 6955, 6095, 3887, 156, 4444, 2198, 5911, 2772, 2508, 739, 6828, 5358, 5528, 6775, 3192, 5788, 7202, 1157, 1821, 3895, 6029, 2293, 2521, 3196]
FN: [5115, 5521]
TP: [6481, 208, 6633, 582, 795, 847, 4130, 1707, 6930, 1539, 6851, 6689, 963, 965, 6800, 2321, 6745, 3853, 355, 1979, 1791, 3225, 3548, 1538, 1982, 3581, 4526, 1813, 6714, 6405, 4389, 2667, 416, 6637, 5333, 4066, 3103, 4457, 2824, 2053, 6171, 3826, 2982, 6198, 4320, 1927, 6118, 2467, 1309, 4000, 3080, 5068, 819, 419, 1204, 5741, 1574, 684, 3829, 6445, 6584, 6570, 2837, 1781, 5609, 3162, 1451, 4018, 31, 4161, 1601, 6605, 2896, 3639, 1512, 4501, 5167, 5572, 181, 5559, 2076, 1333, 4519, 3451, 2748, 4281, 5566, 5858, 4607, 869, 5554, 16, 1914, 1429, 5700, 148, 3759, 3875, 5784, 5048, 5153, 4984, 7004, 6248, 5313, 232, 6375, 2834, 5242, 5747, 3736, 4415, 3287, 4230, 6304, 4215, 1983, 3924, 5672, 3446, 4620, 3209, 5481, 6662, 722, 212, 3843, 2750, 1261, 6318, 4253, 5951, 5847, 5964, 3633, 2110, 6928, 7098, 2274, 3453, 5850, 32, 665, 82, 1535, 5637, 960, 6617, 5759, 7001, 1069, 513, 169, 4291, 1552, 4713, 4531, 3306, 779, 5708, 4540, 5685, 1728, 5285, 6653, 5250, 70, 4288, 5651, 4418, 3726, 1411, 195, 3628, 903, 6921, 5321, 7126, 2333, 3680, 5849, 2550, 3976, 1318, 3830, 1375, 2048, 84, 3679, 5249, 492, 4773, 5732, 330, 1452, 5166, 3143, 519, 6170, 5789, 6624, 6754, 4079, 2902, 5963, 2253, 6616]
TN: [6098]
FP: [4760, 3436, 1483, 1622, 1494, 3429, 6911, 2444, 2783, 3903, 6777, 5442, 5087, 5083, 6910, 1620, 3798, 5506, 1819, 7066, 2795, 4560, 4439, 2506, 6859, 2200, 643, 3813, 1155, 5355, 2446, 5868, 2796, 163, 1490, 5447, 652, 5907, 1145, 1561, 6009, 6887, 557, 6062, 6863, 1166]
FN: [3264, 5203]
TP: [3968, 4682, 4041, 926, 2627, 5296, 2862, 106, 5560, 4583, 3008, 500, 7002, 6233, 623, 502, 5677, 1963, 3278, 2367, 350, 4949, 2283, 2212, 2895, 3069, 3747, 7148, 2047, 4610, 4466, 4532, 5075, 2373, 6317, 1066, 2864, 728, 1636, 7154, 5838, 1760, 4619, 2022, 2105, 4512, 433, 592, 6543, 1005, 2719, 2596, 4689, 4289, 7024, 6265, 1926, 1891, 366, 2911, 1466, 6529, 4176, 849, 2668, 3727, 5958, 39, 3272, 3579, 6660, 80, 3878, 324, 4152, 48, 1271, 1939, 6420, 1692, 1700, 4311, 6925, 5969, 1082, 4495, 3483, 3164, 1352, 1220, 3730, 115, 1938, 1225, 7088, 676, 5180, 361, 4998, 5066, 1816, 3865, 6626, 797, 1446, 724, 5175, 1962, 3515, 5688, 5154, 2324, 3717, 4796, 3399, 2304, 3503, 2907, 4166, 660, 2730, 5484, 7216, 5680, 6622, 102, 719, 5308, 3709, 616, 2828, 517, 2109, 2888, 210, 1854, 5751, 289, 4078, 7003, 2717, 4046, 3665, 2482, 5141, 1934, 3115, 2594, 2881, 2675, 4725, 1896, 5053, 2815, 98, 2823, 6734, 697, 3955, 4186, 4377, 4587, 3963, 4476, 4381, 4882, 1960, 5748, 925, 6966, 5258, 793, 1244, 3993, 1072, 910, 5133, 6547, 4885, 476, 7120, 5679, 2859, 5836, 428, 585, 3427, 1916, 1332, 5641, 518, 6565, 387, 5780, 6614, 4049, 1238, 2097, 4901, 900, 4338, 367, 4837, 5127, 3466, 6990, 5106]
TN: []
FP: [1191, 3366, 1361, 2773, 6785, 7201, 6894, 742, 7060, 6393, 3793, 1109, 2433, 3904, 2799, 756, 6780, 767, 158, 3359, 274, 5389, 4640, 1183, 4648, 3789, 7199, 6959, 5353, 3353, 5870, 6782, 7244, 2434, 3911, 7243, 4446, 7255, 638, 2158, 2741, 6770, 3989, 2507, 2428, 4761, 2731, 1680]
FN: [3261]
TP: [6068, 6674, 5097, 3839, 7170, 4794, 6373, 486, 938, 3693, 4943, 4433, 5770, 4960, 1830, 6681, 895, 6476, 1439, 6226, 427, 4346, 2254, 1612, 6464, 920, 1730, 2938, 3092, 2940, 7222, 1095, 3934, 2325, 2576, 1031, 530, 3978, 5956, 3938, 6312, 720, 4952, 3518, 5687, 2123, 2663, 3486, 1416, 6503, 4405, 2002, 3040, 5052, 477, 5901, 2855, 662, 5689, 2133, 1973, 6244, 917, 5834, 7108, 7091, 6970, 2661, 3873, 1919, 2542, 5979, 3635, 4959, 5656, 5899, 1948, 5233, 864, 6340, 2026, 4319, 275, 5199, 5663, 4142, 5605, 4227, 7043, 3321, 3738, 1509, 4076, 983, 927, 5943, 1430, 7146, 3176, 4173, 4408, 3050, 5550, 5942, 3967, 3163, 7087, 890, 4937, 4417, 4581, 771, 3123, 191, 5567, 1217, 3652, 1230, 4738, 3111, 4983, 6376, 5661, 4473, 293, 3158, 2699, 6181, 1607, 3411, 4720, 2916, 889, 3032, 5965, 2898, 3075, 6329, 2266, 2032, 1867, 5270, 5920, 863, 1000, 1534, 610, 3227, 6201, 4823, 3627, 2027, 151, 4020, 1879, 5485, 770, 4104, 3165, 1282, 4241, 6989, 4530, 5171, 1050, 3707, 490, 6968, 4608, 5304, 245, 2222, 929, 2684, 6803, 5330, 2708, 5340, 6209, 3323, 1235, 7210, 2722, 2128, 4525, 3042, 3837, 2952, 2379, 6850, 3872, 5930, 4286, 1717, 2129, 6802, 475, 845, 6079, 2874, 6618, 5639, 6321, 7123, 242]
TN: []
FP: [545, 1168, 466, 3801, 3188, 2791, 2451, 6957, 6056, 1528, 2204, 1354, 6356, 2797, 3361, 6889, 1818, 6403, 3388, 6781, 3800, 1476, 4548, 7204, 3200, 6214, 3805, 3899, 6821, 2166, 5347, 1478, 3992, 6825, 1481, 2159, 3372, 2196, 1186, 2492, 7200, 1158, 1138, 653, 5891, 161, 4564, 162, 1127, 745, 6876]
FN: []
TP: [709, 5200, 5076, 2011, 6621, 7136, 6602, 2841, 5769, 3119, 1748, 6963, 2723, 2468, 630, 4543, 6903, 2605, 3222, 6592, 3703, 3100, 3582, 6408, 6174, 4228, 4271, 2175, 6411, 4968, 4359, 2998, 980, 5880, 1806, 5884, 4167, 6337, 1218, 4283, 1051, 5240, 5092, 3167, 4398, 5587, 3394, 1397, 1257, 3417, 6522, 1716, 5859, 280, 4231, 1943, 5264, 6421, 5712, 2221, 2353, 37, 1382, 1533, 2001, 319, 69, 5316, 5837, 1243, 4866, 4805, 6720, 7159, 1291, 5499, 5761, 13, 3480, 1650, 1642, 6071, 4147, 7161, 609, 5683, 7122, 4198, 3856, 3048, 5302, 2036, 941, 4732, 5070, 971, 4907, 3210, 6281, 122, 6807, 5653, 6164, 2470, 2015, 1645, 5944, 1894, 1918, 866, 7040, 383, 855, 3097, 1582, 4404, 2424, 5931, 4282, 3400, 1789, 2544, 5940, 1324, 4727, 5607, 1341, 174, 3842, 5878, 6364, 6247, 4207, 6650, 1551, 1713, 5949, 5954, 2071, 167, 5176, 3449, 3147, 4001, 2914, 6406, 5095, 368, 4406, 5174, 596, 456, 2597, 5205, 3295, 1038, 3215, 2887, 2727, 5058, 7134, 2968, 455, 5831, 4077, 3026, 5007, 1961, 435, 404, 6310, 6977, 6941, 5491, 4578, 3291, 2064, 4547, 5400, 3631, 619, 4591, 2374, 42, 4767, 6937, 4209, 6983, 2809, 5064, 2967, 2759, 1325, 8, 19, 3716, 1865, 6867, 3207, 816, 2265, 7020, 2019, 4590, 4431]
TN: [5274]
FP: [1568, 1356, 6031, 1563, 740, 6880, 6040, 2409, 6394, 651, 2203, 4637, 5909, 2398, 1164, 2516, 1119, 1826, 3190, 5450, 1129, 2782, 1358, 7245, 3379, 6787, 5386, 3189, 2391, 4557, 1141, 4658, 4348, 1592, 5513, 7258, 5812, 2734, 5278, 4765, 7206, 3982, 1590, 3193, 5819, 1174, 4632, 3386, 6093, 1160]
FN: []
TP: [6609, 3659, 238, 4470, 1345, 2539, 5929, 3317, 2845, 6325, 6538, 3150, 3094, 198, 3644, 5299, 5923, 7013, 348, 5985, 778, 3058, 2904, 1391, 6308, 21, 4755, 400, 1953, 6743, 5009, 4708, 5592, 2008, 4483, 1116, 3530, 6897, 5754, 877, 3140, 5060, 1792, 4515, 681, 5760, 4110, 6940, 3612, 4316, 4691, 1268, 4872, 425, 4566, 5120, 3939, 453, 6751, 2884, 4705, 6470, 4306, 2271, 6385, 290, 1690, 3079, 672, 72, 6151, 631, 4934, 7137, 4009, 127, 5468, 4290, 1473, 4126, 2178, 3941, 5040, 956, 3468, 349, 624, 3324, 5125, 969, 6494, 3059, 5163, 5256, 3766, 982, 4734, 4896, 6755, 1389, 3082, 3409, 4747, 2240, 4865, 880, 4267, 7039, 6490, 729, 6172, 6288, 6073, 3517, 6381, 1092, 34, 4114, 2851, 5948, 2017, 1306, 4164, 5833, 4746, 4273, 686, 4822, 3043, 1727, 3753, 2610, 3516, 2341, 1384, 1284, 457, 2040, 1801, 1025, 5667, 2211, 5469, 522, 2989, 1409, 2943, 418, 452, 1958, 2611, 996, 2326, 3242, 2479, 5168, 612, 17, 6471, 3852, 4499, 1543, 5288, 3231, 1273, 3943, 6149, 5966, 1047, 5578, 2124, 5160, 5720, 4144, 6142, 4919, 4697, 2247, 1627, 6723, 2302, 7262, 2760, 1009, 3052, 5638, 5846, 2899, 3445, 1386, 1558, 1097, 4694, 5472, 6342, 507, 1438, 2388, 7138, 5267, 6418, 7052, 6648, 3550, 7180, 4867, 2354, 6165, 6763, 3214, 2879, 2590, 2044]
TN: [5430]
FP: [2738, 6003, 6057, 6024, 4353, 4438, 3199, 1570, 1131, 3811, 5529, 5322, 5828, 2438, 5800, 3988, 5526, 1170, 4635, 3889, 763, 1177, 551, 6776, 3380, 2400, 5508, 6827, 1144, 5350, 1180, 6216, 2583, 341, 2161, 2291, 2439, 2518, 3890]
FN: [5114, 6120, 3266]
TP: [1071, 5764, 3539, 4373, 775, 4599, 2711, 2726, 3920, 6266, 6187, 3743, 3748, 1055, 3544, 223, 2557, 409, 6985, 3845, 3464, 7028, 7068, 5902, 362, 6255, 3925, 3204, 2559, 1984, 282, 1912, 1096, 234, 1644, 1312, 3177, 7177, 3614, 2460, 1585, 4094, 117, 2565, 497, 5921, 1677, 4582, 2932, 995, 4589, 4127, 1021, 907, 3740, 392, 2825, 940, 5224, 186, 6698, 2184, 2098, 332, 2725, 871, 5001, 1063, 1269, 4752, 4808, 2702, 6611, 2136, 178, 429, 2352, 2970, 6974, 5704, 1465, 6534, 5658, 6440, 7011, 1407, 5767, 6998, 4753, 2210, 1635, 3768, 5228, 1774, 6514, 537, 5766, 514, 6629, 3153, 172, 604, 6191, 4048, 6294, 2813, 3653, 4394, 777, 47, 5248, 4868, 2126, 3012, 5877, 3243, 1427, 3206, 4195, 6234, 7219, 6378, 1400, 5332, 3501, 3137, 3615, 5919, 3522, 4588, 1418, 5051, 1951, 2305, 3442, 248, 6748, 4468, 876, 1267, 3552, 4333, 844, 4579, 4827, 540, 4179, 2600, 4816, 4905, 2872, 278, 2144, 7221, 4626, 6453, 4875, 5317, 884, 6148, 6552, 488, 3561, 5709, 6115, 4662, 3408, 1199, 5599, 730, 2223, 420, 2083, 5032, 3467, 5896, 4981, 1793, 661, 1670, 4520, 2713, 5271, 3253, 6282, 2376, 1695, 2880, 3705, 166, 6169, 3930, 6811, 3116, 3269, 2034, 6939, 4834, 4740, 7217, 2273, 6158, 3019, 1308, 4698, 3720, 6429, 4797]
TN: []
FP: [2429, 5527, 6832, 2505, 1122, 6913, 1103, 4758, 4357, 6051, 5871, 5436, 769, 3373, 1135, 1495, 543, 6276, 1149, 5326, 6353, 5537, 2392, 3806, 7059, 656, 2195, 649, 3191, 2162, 2160, 3387, 6837, 3382, 2292, 3892, 6347, 6018, 2202, 2413, 6956, 2584, 6066, 272, 6102, 5383]
FN: [5474, 3262]
TP: [3752, 2999, 1634, 4070, 2149, 2177, 2639, 1378, 5187, 381, 3178, 629, 2004, 2257, 1293, 292, 2091, 2749, 331, 4844, 4742, 3729, 2603, 5782, 4717, 3848, 6196, 4472, 3450, 501, 896, 4069, 2920, 4300, 3415, 2056, 3168, 5342, 4811, 1262, 4096, 617, 2575, 5647, 4011, 2069, 782, 329, 5291, 5225, 1859, 4175, 6722, 6995, 398, 5043, 4102, 4189, 4575, 6847, 5582, 846, 2826, 1639, 1766, 580, 622, 2683, 3760, 4993, 5031, 3412, 7009, 4990, 2419, 6446, 6685, 5398, 3868, 6590, 951, 6627, 1537, 6252, 6081, 5121, 2900, 4996, 5570, 7084, 1705, 4546, 4467, 1930, 4100, 3301, 6758, 955, 608, 5739, 1208, 3570, 1441, 11, 2996, 2567, 3599, 2704, 1087, 1784, 6339, 4857, 7150, 6259, 6581, 6569, 1367, 99, 2947, 3998, 3749, 2553, 4072, 1089, 1747, 5989, 1266, 3819, 2840, 5298, 6736, 3462, 7014, 2108, 1457, 3340, 4131, 6082, 4775, 2095, 430, 7105, 2246, 2728, 4202, 5978, 6504, 4870, 1422, 3283, 2481, 5273, 5140, 4936, 7175, 2384, 7156, 6973, 5054, 6131, 6707, 7107, 283, 4518, 3850, 5272, 683, 699, 6902, 4510, 7214, 626, 1770, 3304, 2770, 5016, 2092, 1850, 6715, 86, 4243, 5394, 6583, 4770, 6410, 2687, 6984, 3130, 1975, 815, 2995, 3972, 353, 4798, 129, 954, 6613, 3077, 365, 2984, 4141, 448, 451, 2746, 4220, 820, 1744, 4906, 1976, 2179, 5151]
TN: []
FP: [6882, 5787, 2399, 4355, 6890, 6067, 755, 1185, 265, 5385, 1682, 5457, 5817, 3784, 2310, 743, 6043, 640, 5887, 1359, 6348, 6109, 6027, 1132, 1843, 1681, 1188, 5360, 2206, 5863, 5368, 3803, 6829, 5797, 5792, 7207, 5540, 6106, 738, 3182, 6774, 6033, 1840]
FN: [5500, 5090]
TP: [249, 5463, 5112, 685, 2115, 5501, 5678, 4385, 3174, 4833, 2147, 2228, 214, 3015, 2842, 2079, 1048, 6561, 38, 3855, 1921, 6765, 5790, 2951, 1660, 1615, 4132, 1779, 2955, 320, 4542, 5711, 2327, 2065, 5144, 1580, 4570, 4036, 581, 6599, 3010, 3824, 4326, 5029, 3105, 2504, 241, 6719, 4950, 1223, 5861, 6670, 2000, 4677, 1999, 3607, 2538, 5101, 2143, 1228, 5503, 2761, 3885, 3407, 1834, 3329, 6572, 5519, 567, 5311, 6585, 1433, 2006, 4044, 1365, 6237, 5874, 7038, 2155, 7168, 359, 6735, 2640, 7115, 1988, 857, 6652, 2638, 4430, 4786, 531, 4378, 2614, 1875, 5241, 5044, 3970, 4459, 1652, 692, 3084, 2180, 1330, 2564, 2363, 7083, 2049, 240, 1889, 5840, 3712, 5914, 73, 2847, 3666, 5470, 4196, 2059, 4852, 798, 4745, 4475, 1531, 5634, 2831, 3932, 3155, 6558, 4396, 5238, 2657, 2651, 5037, 3762, 100, 3744, 3332, 6601, 2682, 2140, 935, 6980, 1599, 4361, 7010, 2865, 2135, 4593, 6716, 4815, 5237, 5579, 1093, 441, 2867, 5172, 4129, 3151, 4894, 6588, 5059, 2954, 5251, 5150, 4967, 133, 5136, 1965, 6904, 4933, 1221, 4988, 4063, 303, 1765, 2120, 402, 4688, 5073, 6467, 3444, 1346, 6128, 4893, 1662, 3455, 7092, 4101, 6086, 4948, 854, 4057, 5773, 807, 3310, 2838, 5584, 6579, 3815, 6760, 1236, 3416, 5714, 3470, 6344, 4914, 4884, 6422, 142, 4067, 5190, 4059, 4285]
TN: []
FP: [5827, 5426, 5434, 2780, 4652, 4653, 1498, 3363, 336, 3791, 1491, 2397, 2431, 4654, 3356, 735, 6002, 3780, 6786, 1171, 3381, 5532, 3184, 751, 5429, 3916, 5448, 7198, 6878, 5373, 6779, 2514, 1198, 5428, 1847, 5372, 6767, 1176, 3181, 6054]
FN: [1929, 3951, 3270]
TP: [3656, 3248, 2949, 3212, 2969, 4421, 785, 4095, 3479, 2857, 1412, 2151, 4143, 4529, 4237, 7090, 4272, 3294, 6996, 6175, 3255, 4287, 4091, 6197, 5067, 2563, 2551, 2113, 4099, 2370, 682, 3733, 2959, 4854, 591, 6319, 3630, 663, 5071, 6449, 1657, 3311, 1998, 207, 5633, 4038, 2227, 2093, 4221, 3542, 5006, 1226, 7233, 3418, 2742, 6323, 5897, 2558, 1034, 3685, 3208, 7103, 4955, 5266, 1256, 5139, 30, 88, 6320, 6335, 4151, 4889, 774, 4568, 2654, 5830, 2475, 4845, 1044, 4304, 4917, 680, 5758, 990, 5301, 4204, 4277, 6623, 3638, 237, 4724, 6938, 7176, 4270, 4061, 6649, 3965, 4113, 4229, 4007, 4477, 499, 3250, 4249, 1022, 2061, 1594, 4888, 3958, 2385, 5397, 2284, 6223, 4800, 6137, 6326, 5955, 2349, 1274, 1876, 5305, 4612, 3645, 3327, 2705, 4106, 131, 7069, 6571, 3981, 6647, 4012, 2822, 2988, 4327, 1945, 4039, 4962, 3583, 2933, 2980, 2973, 3935, 2485, 5061, 1302, 7125, 2233, 6508, 4710, 2039, 176, 5565, 9, 3280, 3060, 1808, 1663, 4453, 1472, 6070, 1085, 6636, 1772, 6971, 2016, 1001, 1996, 4025, 6695, 6488, 3672, 1888, 6972, 385, 2351, 4461, 3564, 5750, 6638, 6456, 6185, 4065, 5618, 1738, 5652, 4744, 6331, 4574, 578, 2118, 5207, 3706, 458, 6466, 6756, 6478, 4971, 2300, 2811, 4362, 2678, 3220, 2613, 377, 2346, 1711, 7190]
TN: []
FP: [2164, 3437, 7057, 4639, 6273, 1165, 7259, 6000, 2415, 2402, 4763, 3374, 5088, 1489, 1625, 3365, 1148, 5437, 6789, 654, 4447, 1402, 5996, 5445, 2774, 5370, 768, 1121, 2587, 2411, 2445, 5377, 1105, 1152, 1124, 4555, 2956, 1503, 3795, 6783, 2771, 5786]
FN: [1917, 5089, 5116, 1853, 5129, 1380]
TP: [4037, 4702, 6694, 1008, 6721, 4788, 1714, 865, 4565, 3171, 3923, 1052, 3964, 2893, 4331, 3718, 879, 6358, 1519, 992, 4397, 1852, 4768, 6242, 2051, 560, 5546, 3175, 5875, 1053, 1020, 7019, 853, 5994, 5702, 2461, 75, 5193, 4616, 6439, 5312, 6979, 4614, 59, 512, 3118, 2871, 911, 573, 5314, 244, 2264, 5543, 2935, 4248, 408, 6361, 1694, 6436, 5079, 6072, 1054, 4856, 6084, 3160, 5183, 4807, 593, 5851, 5988, 4673, 1514, 2338, 5206, 6642, 5124, 1518, 6166, 4323, 7113, 2052, 5102, 286, 3493, 6701, 1444, 6338, 6258, 6920, 1074, 773, 3532, 6309, 1211, 3320, 6285, 5776, 1758, 326, 4369, 825, 1895, 6697, 4029, 7196, 6597, 6380, 470, 2765, 3459, 5289, 5735, 3441, 6499, 3980, 5585, 5673, 1862, 1070, 538, 3110, 1638, 3133, 6230, 1704, 495, 5204, 5941, 4774, 2889, 2819, 4795, 6703, 4611, 4880, 4839, 7147, 4214, 3758, 4116, 2365, 5959, 5995, 2561, 6541, 6849, 7213, 3755, 1224, 2985, 1586, 5707, 625, 6620, 5980, 832, 6951, 614, 7140, 5774, 523, 2244, 6501, 6854, 4505, 800, 6906, 3309, 5669, 4719, 1443, 6249, 2139, 1856, 3604, 5482, 7224, 2924, 2939, 6683, 6724, 4184, 6261, 3252, 3626, 498, 5848, 101, 6450, 3421, 6145, 2629, 3586, 4274, 1712, 6926, 6793, 5839, 2463]
TN: [5456]
FP: [5371, 6346, 5815, 2190, 2393, 1686, 5362, 5811, 5391, 6961, 2309, 6110, 3907, 6960, 6830, 3430, 3355, 639, 3983, 3391, 1118, 1355, 6269, 2733, 6857, 5908, 2311, 6820, 6034, 5872, 1593, 6277, 1822, 3893, 6350, 2289, 255, 1196, 1849, 1475, 1525, 1147, 5826, 4436, 3915, 2732, 1485, 3804, 257, 1685, 6215, 6402, 461, 7241]
FN: [3498, 3263]
TP: [3093, 6661, 1084, 6077, 3994, 5736, 687, 3879, 185, 7160, 2077, 1372, 6935, 5005, 4703, 1323, 1691, 5772, 695, 635, 2086, 1470, 3825, 5202, 3507, 3671, 5610, 1431, 5757, 7007, 4609, 6195, 6866, 3756, 6656, 3723, 3344, 3298, 5564, 4174, 3039, 586, 1702, 1785, 1455, 5844, 3258, 1969, 943, 3302, 611, 3817, 1986, 6923, 3247, 5745, 2566, 3234, 3942, 1666, 3636, 3966, 1651, 123, 6161, 6296, 5050, 5555, 1059, 5716, 2710, 2386, 5259, 7070, 4403, 3149, 6684, 7236, 2602, 7212, 6360, 2690, 4820, 6473, 3592, 4247, 5783, 7155, 6231, 2883, 6441, 50, 3489, 6189, 2063, 7047, 6658, 3230, 4171, 444, 2885, 1231, 3602, 3697, 2745, 1910, 7085, 4004, 343, 2089, 45, 3957, 786, 3005, 3144, 3490, 2852, 5684, 6574, 536, 6668, 6525, 516, 1972, 3571, 3021, 321, 4056, 6964, 4840, 5990, 1307, 6801, 4170, 3526, 6334, 788, 804, 1461, 1725, 1250, 6615, 2368, 1260, 5723, 4511, 7139, 2090, 2644, 4033, 3922, 4847, 132, 915, 1542, 126, 4813, 7231, 1777, 3307, 6388, 6564, 506, 3556, 4223, 2183, 2624, 6383, 3173, 2262, 957, 3835, 3300, 6379, 3405, 4715, 1701, 3867, 3962, 4409, 668, 4975, 4545, 4122, 2023, 3245, 1030, 1880, 4203, 1949, 594, 3463, 2074, 1743, 1799, 2301, 2930, 3224, 3741, 1557, 615, 3585, 140, 3858, 6746, 6728, 4028, 1437, 3259, 7167, 5041, 5781, 6200, 370, 6387]
TN: []
FP: [5446, 5432, 267, 6004, 2286, 2527, 3788, 7257, 5381, 1362, 273, 5531, 6015, 2517, 1107, 4559, 3773, 5439, 6028, 157, 1357, 6839, 641, 6843, 1363, 5444, 6834, 5892, 5440, 4650, 6400, 3369, 2197, 2410, 6022, 4657, 3886, 4443, 6055, 4659]
FN: [5119]
TP: [4310, 2100, 3481, 7021, 4308, 2417, 529, 1881, 6566, 1992, 5214, 1342, 2480, 2892, 1868, 421, 1027, 6186, 5625, 6999, 5216, 5993, 4679, 5078, 2014, 5654, 526, 4978, 281, 1877, 4296, 472, 3511, 1445, 7118, 4973, 829, 4718, 311, 2042, 6184, 5742, 4375, 1286, 4, 114, 6603, 2238, 2674, 217, 3132, 5156, 68, 2721, 4918, 7035, 4245, 6495, 6290, 2114, 3395, 393, 4363, 1449, 3041, 6384, 5036, 5569, 3870, 4423, 3342, 3126, 7031, 7184, 6455, 3086, 6392, 4930, 2082, 4721, 3296, 1297, 4858, 6732, 1088, 3695, 2029, 5595, 3714, 78, 2181, 3565, 3203, 298, 3065, 4305, 296, 2945, 4899, 821, 412, 4146, 2849, 2382, 2609, 937, 3016, 2802, 5081, 4019, 5286, 310, 116, 6469, 4503, 5617, 1264, 4887, 250, 6505, 706, 5292, 1720, 4073, 6061, 4514, 4212, 2926, 3499, 439, 2339, 6211, 2261, 4125, 481, 1909, 4225, 4946, 2766, 565, 2472, 3708, 1643, 1113, 1469, 6568, 3393, 1428, 6227, 3763, 5594, 6295, 3854, 5049, 1675, 1460, 632, 1265, 6730, 4384, 2337, 3927, 1067, 6678, 2220, 1212, 1957, 6136, 1392, 5019, 3945, 312, 3235, 1604, 3013, 7042, 6692, 6699, 5222, 3754, 4478, 913, 4087, 2679, 3619, 5014, 1335, 4969, 4450, 483, 6260, 3883, 2231, 787, 5549, 4508, 3071, 5551, 6664, 7025, 1376, 6130, 5471, 5488, 2593, 3288, 6357, 2234, 6437, 4183, 6598, 5937, 6133, 12, 177, 6657, 7149]
TN: []
FP: [264, 2287, 463, 6212, 4766, 2167, 6020, 4628, 5329, 2531, 7242, 1839, 2432, 5865, 5435, 6856, 6008, 3809, 6019, 1190, 4562, 339, 3814, 6769, 2408, 154, 5894, 7250, 2735, 6213, 2308, 4561, 6352, 5541, 4441, 761]
FN: [5465, 5466, 3268]
TP: [6542, 3319, 733, 835, 175, 6537, 4180, 6477, 434, 2232, 3734, 4474, 4345, 137, 4995, 2096, 4938, 6311, 3104, 5606, 1507, 1065, 7076, 4112, 6336, 6257, 2278, 705, 2498, 1241, 5883, 7051, 3305, 4124, 3956, 5012, 4739, 6155, 2987, 5775, 1353, 1866, 5602, 6869, 3650, 510, 2976, 1985, 6992, 3841, 6675, 1935, 6301, 5715, 4891, 3205, 7237, 6554, 2963, 1100, 5915, 3521, 2647, 480, 3062, 2618, 4812, 6563, 15, 4879, 5744, 5695, 7218, 6619, 6982, 6922, 6630, 4941, 3346, 1263, 2005, 5547, 7067, 5189, 5762, 4977, 6315, 4663, 2145, 3578, 5557, 2242, 6711, 772, 77, 2979, 1664, 991, 7128, 3686, 2755, 2905, 3675, 3121, 4426, 3617, 5483, 3624, 4005, 2251, 4509, 6475, 424, 3608, 575, 6942, 2692, 919, 7187, 3676, 4926, 2744, 1546, 6686, 1255, 6496, 2625, 215, 2487, 231, 511, 3286, 799, 1207, 723, 251, 3664, 3534, 2630, 6468, 6899, 5487, 1205, 2664, 3765, 6462, 892, 5743, 4667, 1583, 6523, 2422, 309, 3513, 1327, 4058, 203, 859, 5970, 6122, 4484, 4976, 4681, 221, 4572, 1993, 3944, 1559, 1399, 1905, 6129, 4052, 3169, 454, 5577, 4358, 7183, 4118, 4312, 7078, 1906, 1769, 6762, 422, 4193, 885, 1026, 1668, 6562, 6988, 6306, 5699, 3643, 3974, 1647, 2548, 6852, 1415, 3950, 3128, 4541, 813, 4750, 6544, 1247, 92, 7195, 3673, 372, 2922, 138, 4881, 7181]
TN: []
FP: [2515, 5277, 5419, 637, 4759, 2532, 2406, 2193, 5866, 2786, 1477, 6862, 3812, 6049, 4549, 2789, 2736, 1618, 5388, 4642, 5425, 6844, 6042, 5455, 3896, 6101, 2173, 6044, 5325, 5818, 2511, 2454, 748, 6864, 3389, 1406, 6025, 3794, 6271, 3779, 1842, 5349]
FN: [3952]
TP: [4083, 4040, 7173, 3035, 6435, 1043, 1589, 5768, 3068, 6870, 601, 373, 3979, 2997, 3073, 708, 4772, 5900, 4178, 4862, 2322, 2486, 220, 5069, 6080, 4490, 3108, 6372, 2974, 2821, 4618, 91, 715, 5843, 710, 527, 1045, 6671, 5046, 6927, 874, 7102, 1390, 5148, 2537, 5218, 4690, 5110, 2620, 6417, 18, 3239, 5235, 4218, 607, 5165, 541, 4692, 1222, 3275, 4927, 2389, 7074, 1811, 6688, 3081, 396, 4900, 6696, 3832, 6146, 2599, 3764, 29, 28, 1, 5074, 994, 603, 1947, 2483, 1060, 57, 1328, 4789, 1860, 1467, 5401, 2820, 1073, 1304, 2031, 6947, 230, 4006, 1981, 2858, 1750, 347, 4216, 4676, 3033, 5746, 4577, 1749, 1215, 2003, 1083, 5303, 1798, 4344, 5410, 3102, 918, 862, 5586, 2543, 6141, 415, 6727, 7234, 1915, 4256, 3333, 5515, 322, 2555, 670, 4909, 2975, 4032, 4985, 2595, 4322, 5968, 1966, 1338, 479, 342, 4010, 5239, 139, 5771, 173, 2890, 4848, 5290, 3540, 5494, 3054, 5123, 5857, 170, 67, 3106, 4031, 3223, 2936, 125, 6491, 2915, 5320, 4448, 4205, 313, 572, 3629, 4687, 5696, 5344, 2816, 1101, 1726, 3860, 3702, 5960, 4819, 1757, 5705, 3667, 1786, 1924, 1572, 2340, 1373, 3336, 691, 89, 839, 3995, 2925, 1004, 1703, 225, 4537, 165, 5727, 144, 1771, 3563, 2714, 2615, 3818, 7192, 2574, 3422, 902, 431, 6256, 6905, 5670]
TN: []
FP: [1143, 2307, 5809, 465, 2519, 4550, 1151, 5536, 1364, 4646, 2524, 5424, 6855, 3897, 6063, 549, 5453, 3367, 1617, 655, 2171, 554, 5454, 6836, 6012, 7203, 4551, 5821, 2787, 6833, 6888, 5807, 6916, 1405, 1106, 2509, 6784, 5799, 6824, 5328, 3202, 7064, 4647, 5814, 747]
FN: []
TP: [4863, 873, 6702, 5975, 7071, 284, 3274, 4736, 357, 993, 1348, 2058, 395, 2235, 5983, 1655, 3152, 6792, 196, 4809, 5192, 4876, 1011, 984, 3519, 6739, 4489, 6612, 3569, 4098, 3827, 4414, 2185, 7132, 3419, 1903, 525, 1326, 4992, 4782, 4569, 1978, 5265, 6654, 5145, 443, 713, 3849, 4226, 1018, 2067, 6673, 2466, 4491, 3559, 693, 6640, 3401, 2107, 1637, 1767, 4043, 2659, 216, 3862, 1864, 5598, 6536, 6121, 5098, 5779, 2626, 7015, 1248, 6374, 6740, 1762, 3136, 4097, 4242, 3621, 2084, 6485, 4890, 3018, 1340, 3257, 4945, 1035, 2993, 1237, 4165, 4931, 6241, 202, 1251, 1440, 6761, 4897, 2808, 5072, 5785, 5548, 3491, 5402, 1869, 1913, 6693, 3, 4315, 1698, 2072, 4536, 1940, 3820, 4497, 3473, 1283, 4521, 7044, 7119, 4481, 3488, 1773, 3959, 2860, 5130, 3831, 2573, 4860, 2269, 3138, 5950, 6712, 4585, 2918, 2298, 5710, 4594, 2981, 2214, 5310, 1064, 1763, 2631, 305, 209, 5261, 5879, 113, 3746, 6428, 2833, 6594, 5047, 1904, 1598, 6846, 1078, 239, 1874, 3823, 1689, 5182, 7053, 5611, 4683, 3271, 4953, 3500, 5580, 6443, 6713, 1314, 6438, 1290, 1075, 1761, 1272, 837, 5132, 2934, 6595, 304, 6125, 4859, 972, 3469, 974, 405, 3508, 4771, 4399, 6208, 1239, 5179, 3457, 2342, 4500]
TN: []
FP: [1520, 3201, 4756, 1825, 5423, 3777, 2530, 4352, 6217, 737, 4351, 759, 2394, 4764, 1404, 2586, 5895, 153, 7065, 6270, 6053, 268, 1110, 3438, 5431, 6006, 5414, 2533, 5356, 6879, 552, 3183, 3371, 2390, 2776, 1128, 7062, 155, 4602, 2493, 5369, 1161, 5888, 5864, 4651, 7247, 6094, 6885, 263, 1529, 3348, 3370, 5392, 5893, 2443]
FN: [7110, 1873]
TP: [1994, 2033, 1421, 5173, 776, 1922, 5615, 6127, 3591, 893, 2057, 5722, 4817, 4877, 1708, 6934, 236, 3715, 1057, 3668, 64, 43, 4337, 1870, 1279, 7211, 6219, 3722, 3461, 5520, 2272, 2707, 1511, 7077, 119, 4942, 1706, 4148, 823, 6199, 5620, 4810, 5409, 1828, 87, 3874, 5300, 5486, 3452, 2619, 2186, 3919, 6530, 3157, 961, 7048, 4419, 413, 5946, 1350, 53, 1646, 2280, 4284, 1613, 2256, 1964, 3512, 3928, 946, 3535, 2030, 843, 826, 2360, 103, 841, 6156, 4163, 2317, 1673, 2474, 1014, 2154, 3244, 568, 7130, 7006, 4328, 2138, 2497, 3265, 7194, 4980, 3616, 949, 4232, 5319, 1385, 469, 2073, 3246, 5020, 5056, 3678, 947, 2131, 4838, 789, 3030, 4219, 1776, 4576, 7163, 5164, 4987, 4496, 942, 120, 2469, 2953, 780, 5545, 3398, 7144, 2217, 41, 2986, 4427, 4111, 4379, 1611, 4675, 1632, 5718, 936, 5155, 288, 6507, 496, 803, 6432, 94, 2672, 83, 1696, 344, 5755, 1968, 5733, 2347, 4201, 5517, 6559, 5713, 3099, 4835, 3337, 796, 2681, 5600, 7104, 5724, 4502, 5198, 199, 4370, 1722, 4034, 2701, 3996, 5122, 2111, 5562, 379, 2331, 4030, 5926, 977, 4343, 213, 5236, 702, 3045, 5581, 3692, 4255, 2843, 1339, 1628, 7127, 5693, 2216, 4224, 4972, 1003, 3495, 2054, 2835, 997, 473, 4482, 369, 1833, 168, 4776, 4615, 701, 6635, 2345, 1331, 2355, 2589, 1723, 5666, 7232, 6291]
TN: []
FP: [2172, 3439, 5323, 3385, 6818, 5804, 5912, 6108, 7239, 338, 1167, 3986, 5810, 1487, 2404, 3790, 6104, 6835, 4563, 1504, 6768, 2447, 6023, 3434, 2285, 271, 5281, 3376, 3431, 6007, 6099, 2205, 1187, 6041, 556, 3888, 6962, 2194]
FN: [5497]
TP: [3316, 1936, 3547, 5107, 509, 2045, 6669, 5583, 2806, 2127, 4278, 6573, 3031, 1925, 985, 3458, 6639, 26, 784, 3120, 6742, 4024, 3485, 4261, 4392, 1517, 3088, 6454, 6058, 109, 6535, 6293, 872, 3560, 3598, 6753, 6091, 6362, 6799, 3410, 1086, 3999, 1731, 5854, 2473, 4003, 7186, 1337, 4262, 5038, 6232, 4974, 5777, 4488, 4008, 3700, 4145, 2641, 944, 4908, 6324, 532, 5791, 6297, 3025, 4986, 6634, 897, 2637, 5662, 6204, 848, 3613, 4779, 2848, 2188, 4544, 5134, 4954, 4792, 7162, 1396, 818, 6486, 6806, 55, 222, 4236, 6625, 4244, 2946, 3866, 5234, 2243, 5835, 7189, 3555, 2703, 1303, 2182, 4140, 4250, 5209, 1980, 6412, 1434, 2758, 4002, 376, 1665, 5149, 390, 6463, 1667, 564, 5588, 1395, 3857, 315, 7141, 5135, 4828, 6848, 6729, 2747, 6726, 6239, 5636, 1794, 4121, 2592, 3682, 5184, 4400, 4294, 3313, 1040, 6222, 2621, 2554, 587, 6805, 1321, 2332, 6132, 4533, 1246, 5974, 3233, 5916, 252, 912, 6069, 5590, 2087, 3769, 5632, 6665, 2081, 5756, 2763, 1468, 4239, 3536, 4081, 3655, 60, 2230, 5619, 4735, 4716, 4085, 2060, 3020, 246, 5934, 1029, 180, 184, 2643, 3568, 3864, 2009, 228, 851, 7171, 141, 3055, 3881, 7005, 1313, 3594, 4280, 6135, 4197, 4071, 5664, 878, 7111, 602, 4864, 4699, 2688, 3098]
TN: []
FP: [658, 2441, 5441, 3432, 5380, 269, 2579, 4634, 2581, 4440, 5507, 548, 266, 4556, 766, 3383, 253, 7205, 2395, 1823, 4604, 2436, 2435, 6858, 5421, 6039, 2781, 544, 3990, 5794, 6865, 5416, 744, 5999, 6398, 4656, 1140, 6861, 2779, 1172, 2580, 6396, 3197, 5378, 6831, 5390, 2739, 254, 5085, 6351, 1678]
FN: [5522]
TP: [3078, 3767, 5984, 1933, 4997, 909, 953, 4944, 3553, 5293, 6316, 5552, 164, 6533, 1588, 6286, 3821, 3107, 932, 6484, 4956, 2854, 4412, 679, 2636, 4754, 2861, 5335, 5556, 505, 4047, 1462, 3014, 1609, 1419, 4238, 1203, 6180, 4704, 5194, 1659, 7012, 3531, 2547, 726, 4217, 6500, 6303, 4573, 3125, 3335, 5229, 5681, 791, 6426, 3024, 2418, 6791, 5318, 5596, 1458, 2656, 1733, 1459, 2028, 3428, 6089, 4240, 4970, 5853, 2709, 4089, 3218, 2906, 152, 964, 2927, 6919, 2174, 1213, 4364, 945, 2503, 6949, 5244, 7143, 300, 6415, 5694, 1605, 3543, 2990, 5473, 3347, 1898, 356, 2037, 598, 563, 3933, 916, 6546, 3413, 3241, 2962, 5575, 569, 1471, 4158, 1254, 4265, 4376, 4395, 2150, 5881, 4855, 7073, 914, 5255, 3277, 5682, 3880, 6328, 1872, 4825, 3546, 4787, 666, 211, 3541, 1450, 5563, 7133, 3554, 921, 2646, 2209, 4902, 1780, 4923, 939, 1752, 318, 6430, 3312, 6173, 6706, 1278, 3971, 4134, 1299, 134, 6680, 2751, 3064, 5208, 2718, 5142, 3091, 6330, 5655, 4182, 5614, 4297, 3661, 4733, 4784, 2357, 4846, 4523, 894, 5671, 504, 6425, 66, 2606, 407, 3642, 3618, 3637, 6182, 2458, 6521, 4206, 1654, 449, 4299, 4668, 5405, 734, 3156, 5856, 6498, 834, 3392, 2282, 600, 5924, 5117, 2343, 3456, 2712, 4194, 371, 10, 674, 2829]
TN: [5275]
FP: [2523, 1688, 6918, 3787, 4442, 5795, 2790, 5808, 7056, 6958, 5802, 2288, 4633, 1195, 464, 6822, 6884, 5525, 7253, 258, 4638, 1844, 5417, 2582, 553, 5280, 2784, 260, 6788, 6397, 5514, 2794, 6891, 2316, 657, 5379, 546, 1566, 5284, 754, 547, 2442, 5903, 3802, 5462]
FN: [3267, 5475, 5169]
TP: [6134, 1049, 6933, 4458, 6369, 5945, 1959, 539, 6280, 4276, 659, 6717, 5226, 2569, 1788, 3237, 1587, 3973, 378, 3575, 4751, 2571, 6123, 6645, 5408, 4211, 5660, 4486, 1374, 5717, 51, 2328, 6391, 1778, 4711, 7086, 3440, 6292, 6218, 6192, 4452, 1201, 1736, 5697, 4597, 1608, 981, 6580, 4818, 2814, 831, 2909, 1322, 2024, 5967, 4119, 2680, 6946, 5231, 4411, 7075, 1676, 3292, 7100, 4313, 2628, 3285, 6414, 307, 5094, 3701, 6596, 7209, 235, 107, 2724, 534, 5008, 979, 6284, 908, 7129, 6366, 5987, 4851, 3029, 2875, 2219, 40, 5597, 725, 1790, 6419, 2983, 4086, 4850, 6117, 4425, 3840, 5337, 2536, 1288, 967, 599, 2043, 5063, 1285, 4298, 346, 1882, 2464, 4380, 3154, 6206, 1098, 5876, 3514, 976, 4302, 3969, 5177, 1671, 1550, 1729, 1807, 7227, 36, 3975, 3689, 302, 2501, 4706, 3566, 1115, 5230, 717, 3397, 2303, 882, 6423, 6076, 2866, 297, 5103, 1886, 6718, 111, 358, 3731, 1347, 3217, 1831, 1710, 1090, 5287, 6587, 4199, 6451, 6332, 7152, 5589, 4826, 833, 2803, 2919, 4480, 1320, 579, 4246, 1928, 218, 6314, 6531, 2117, 4200, 2364, 7008, 3141, 1076, 3662, 6741, 4915, 5568, 1741, 1016, 6516, 4965, 2038, 4695, 2279, 3113, 3696, 5701, 6646, 3322, 5642, 2025, 2078, 1814, 3770, 5338, 4128, 7135, 5260, 4434, 3549, 5765, 664, 394, 4605, 2958, 2839, 3997, 6690, 6210, 4957, 5017, 3688]
TN: []
FP: [1133, 2777, 5533, 1150, 1502, 5913, 5451, 2405, 1492, 1126, 5534, 4645, 2520, 1505, 1480, 4649, 3810, 1111, 5910, 6274, 2585, 4644, 3987, 2191, 6014, 2490, 2792, 334, 1130, 1619, 2192, 1845, 7254, 1846, 5351, 6952, 3351]
FN: [1829]
TP: [3846, 3936, 1610, 5936, 1369, 2495, 6986, 1893, 3172, 4335, 1301, 3396, 6483, 4693, 2130, 4424, 4027, 3276, 2496, 2921, 5399, 4686, 6267, 5962, 3670, 489, 4843, 5343, 521, 6368, 4869, 3236, 6744, 6812, 1516, 6457, 2971, 3573, 6154, 460, 3882, 1721, 0, 4507, 4664, 3482, 7096, 3871, 3053, 3046, 6143, 6229, 2334, 5477, 3660, 7106, 4580, 1768, 4339, 4665, 5935, 6677, 588, 5495, 4213, 20, 6790, 3095, 5030, 4895, 7208, 2020, 6631, 1006, 179, 189, 3318, 1851, 6994, 4898, 2912, 6591, 6509, 852, 2695, 44, 6075, 4479, 25, 1061, 4156, 7226, 3497, 2653, 4824, 391, 4730, 1739, 6087, 6442, 3663, 7124, 3146, 6119, 7166, 5738, 3658, 875, 6672, 2268, 1426, 2152, 6555, 3640, 2689, 5263, 727, 2099, 590, 4157, 2062, 5885, 3828, 595, 3213, 4534, 790, 4372, 136, 931, 2948, 4449, 1555, 3588, 3529, 5217, 3623, 1908, 5126, 2807, 2119, 471, 3478, 1931, 1871, 171, 7182, 6078, 7172, 1216, 1614, 899, 6343, 694, 4234, 1553, 618, 1581, 6203, 3343, 5065, 4671, 3420, 6389, 566, 858, 2568, 2666, 5991, 4324, 6764, 1510, 673, 1577, 1425, 2591, 1603, 3443, 6092, 493, 4332, 824, 6224, 3290, 4726, 6302, 4117, 2598, 5093, 4365, 4777, 6177, 1091, 2252, 4388, 1754, 1530, 1370, 5478, 2994, 7165, 2552, 4600, 2877, 1454, 3711, 6124, 4841, 959, 2540, 6873]
TN: [5276]
FP: [3918, 3378, 1482, 6272, 5801, 1683, 6026, 2414, 6064, 5422, 3913, 1184, 6915, 2208, 5352, 3808, 5460, 340, 3195, 6100, 2416, 1500, 4762, 1687, 1153, 4350, 1108, 2510, 2957, 6278, 2315, 6826, 6016, 5539, 753, 1360, 3198, 6881, 3891, 4643, 1571, 741, 6032]
FN: [5201]
TP: [2944, 698, 5113, 5939, 4103, 4177, 5269, 4222, 306, 3593, 561, 3735, 2832, 2101, 4680, 2494, 6969, 2462, 7081, 2281, 197, 6874, 380, 200, 4799, 187, 3037, 4528, 5015, 1544, 4743, 4252, 3657, 5131, 3524, 5170, 3611, 4108, 6976, 6608, 4318, 1883, 934, 1453, 3728, 6205, 2387, 542, 4669, 2369, 4714, 4951, 6235, 3509, 1541, 5676, 6607, 2122, 6513, 4162, 5406, 4268, 2753, 1442, 6060, 606, 5247, 5345, 533, 1316, 4092, 5971, 4115, 4055, 363, 6510, 5977, 6152, 524, 5062, 3600, 3625, 2088, 1536, 5331, 3070, 5021, 613, 3228, 2612, 1787, 811, 23, 410, 5740, 1724, 1398, 3694, 6059, 4374, 193, 2891, 5612, 5703, 5629, 4670, 1344, 1977, 4068, 6245, 6981, 716, 4334, 5476, 2055, 3698, 4429, 4208, 295, 6299, 2756, 4139, 5763, 5211, 4420, 4413, 1387, 397, 14, 6254, 445, 3426, 4293, 3303, 6526, 4911, 5262, 2478, 5213, 4401, 2356, 7082, 4187, 5752, 1368, 1210, 1424, 1319, 1600, 2812, 508, 2358, 4074, 2804, 76, 4527, 520, 2908, 4149, 62, 33, 2662, 1317, 3641, 1295, 2604, 4309, 4050, 2, 3587, 5181, 1080, 2380, 2075, 6492, 474, 4060, 4090, 5157, 3229, 3279, 1990, 1336, 4153, 924, 5616, 5573, 4135, 4696, 5698, 5852, 6725, 1432, 6289, 2320, 4685, 4191, 5480, 5650, 5855, 5665, 2267, 3523, 2245, 5336, 605]
TN: []
FP: [259, 3902, 6893, 7246, 5384, 335, 5327, 648, 6842, 1162, 2426, 1848, 1501, 3782, 3377, 2306, 5803, 7251, 1169, 6275, 3776, 1497, 1154, 5433, 5357, 3914, 1192, 5346, 5511, 3912, 5376, 5997, 467, 1197, 5365, 3984, 1474, 1159, 6819, 6875, 6017, 6001, 4601, 6046, 6773, 647, 1817, 1479, 2737]
FN: [5496]
TP: [6363, 711, 5845, 5721, 1797, 4571, 7179, 6987, 2856, 1423, 6427, 868, 243, 6545, 5243, 110, 1629, 923, 6493, 7018, 6497, 4722, 6479, 7026, 571, 3325, 2050, 7036, 4321, 2960, 636, 7094, 2570, 999, 6511, 1971, 7101, 1800, 6577, 3946, 1832, 2929, 5553, 3001, 5593, 5315, 2541, 6655, 3562, 3699, 1838, 2103, 6202, 5986, 6327, 4181, 4780, 2910, 2549, 4516, 5003, 5035, 4383, 817, 3622, 1079, 3691, 3090, 3609, 1024, 4192, 6407, 6144, 6795, 6810, 905, 3739, 6518, 6188, 5039, 3006, 808, 6797, 1887, 4269, 4929, 3816, 2010, 5018, 3074, 4925, 97, 112, 5686, 4517, 4801, 5691, 3737, 4791, 3083, 484, 3725, 5628, 3496, 226, 2241, 1640, 4728, 3977, 4107, 1315, 5635, 5947, 3742, 6512, 688, 3007, 2116, 3308, 2012, 2923, 389, 1740, 3114, 61, 988, 5753, 5033, 4672, 3836, 128, 3101, 3423, 1954, 5162, 6126, 2562, 2805, 2577, 6749, 4017, 6, 1995, 1292, 4539, 5099, 1955, 1506, 4279, 5055, 71, 364, 2649, 5489, 6936, 5246, 2224, 229, 2913, 382, 2556, 3931, 850, 881, 1234, 6359, 4407, 3533, 3403, 4979, 4084, 3159, 4053, 5523, 6489, 6268, 2329, 5516, 5252, 388, 4464, 426, 6416, 3551, 583, 308, 4093, 5898, 2810, 6167, 7230, 5571, 4778, 3028, 2696, 1907, 1764, 1311, 2965, 1560, 2142, 5659, 4235, 4707, 2319, 5631, 6433, 1242, 35, 4341]
TN: [5427]
FP: [7240, 3783, 4603, 3364, 2785, 1488, 3908, 2793, 4553, 1523, 750, 2313, 1156, 5890, 2801, 5825, 6005, 1139, 6037, 3898, 1125, 1189, 3786, 2522, 2401, 6778, 2403, 5796, 5998, 3187, 6030, 6817, 6908, 2525, 6917, 2168, 4349, 2312, 2199, 6886, 2526, 6103, 5363, 736]
FN: [4935]
TP: [1202, 2673, 5542, 2752, 3331, 3219, 6900, 4465, 3538, 1697, 6168, 3567, 4892, 950, 4871, 3000, 5972, 1974, 2371, 3047, 968, 6794, 970, 4749, 1809, 4340, 5558, 4035, 6549, 678, 3345, 7174, 7016, 3334, 4684, 4120, 3527, 1987, 7045, 6459, 891, 570, 574, 7, 6377, 5749, 4861, 6240, 2070, 5730, 6179, 952, 4051, 4023, 4513, 7079, 3038, 3834, 5725, 707, 3063, 3506, 328, 4393, 6872, 3289, 2961, 4873, 4422, 700, 6159, 2992, 671, 374, 3954, 5925, 3844, 1245, 5842, 447, 5221, 1037, 3226, 201, 5737, 2991, 6747, 3632, 1631, 5734, 2634, 4991, 7027, 224, 2941, 2720, 973, 27, 6682, 6578, 5719, 4022, 3576, 403, 3023, 689, 1258, 6474, 3876, 3947, 3505, 2250, 360, 5622, 1835, 5002, 731, 3238, 4853, 1863, 327, 704, 1937, 6676, 2698, 2546, 4910, 3710, 842, 627, 79, 5490, 5961, 4613, 5928, 6341, 1923, 3851, 1310, 1300, 3690, 4678, 5544, 4160, 1094, 3634, 7072, 827, 4105, 5010, 7261, 299, 2677, 1858, 958, 2007, 6482, 7215, 7191, 6367, 6225, 3087, 2366, 4748, 4295, 468, 856, 4836, 2187, 5953, 7030, 6967, 3402, 121, 5608, 1366, 5778, 5645, 1656, 3761, 5396, 1447, 6901, 4455, 6948, 5024, 3929, 1547, 4469, 1751, 1343, 1019, 4832, 206, 7097, 6264, 814, 4617, 6307, 2141, 5576, 1229, 6298, 3454, 6487, 2868]
TN: [5279]
FP: [3894, 550, 1102, 5387, 1522, 1521, 558, 1591, 1562, 3901, 3384, 5084, 6114, 5820, 6355, 2412, 2528, 7249, 2449, 1123, 256, 6035, 1567, 4636, 2800, 5359, 3357, 3185, 2430, 6771, 6823, 5438, 1142, 7058, 6883, 5510, 262, 3781, 1136, 2163, 1565, 4437, 1486, 2489, 6912, 6895]
FN: [5518, 5464, 3260]
TP: [1805, 6116, 3574, 758, 4368, 1579, 3179, 2697, 5860, 634, 5407, 3406, 5927, 3273, 3584, 2258, 5227, 7037, 822, 3580, 316, 1013, 4535, 4317, 3036, 3603, 1709, 6472, 4849, 7099, 4168, 2378, 5138, 4387, 4292, 2897, 5933, 3751, 4922, 5726, 1932, 2694, 6950, 1674, 1232, 2560, 7109, 5096, 4336, 2336, 74, 7235, 5028, 1410, 2617, 1298, 3425, 2066, 5191, 104, 589, 6371, 1002, 6434, 5000, 5574, 6659, 204, 7023, 4188, 1596, 3528, 1795, 3596, 3076, 4260, 5502, 22, 46, 2608, 4303, 2276, 3134, 4731, 6709, 194, 2964, 6540, 6871, 1068, 4259, 4014, 4062, 2671, 6575, 1755, 417, 4821, 2830, 5644, 2104, 6085, 1902, 4013, 6929, 1249, 3112, 4592, 1956, 3254, 386, 4966, 2754, 4210, 7055, 4622, 1997, 2762, 188, 2966, 2534, 3044, 4920, 1753, 1584, 4454, 1878, 1200, 2863, 1379, 3651, 85, 5395, 888, 3122, 2421, 6139, 989, 7225, 6528, 5104, 1734, 5692, 1897, 801, 620, 901, 5674, 5973, 2137, 794, 7041, 4701, 4154, 1556, 4251, 3009, 4367, 3961, 2080, 7046, 6447, 183, 2700, 478, 1448, 3465, 714, 577, 7229, 124, 4155, 375, 2102, 4064, 1578, 2046, 482, 3732, 4804, 1233, 576, 5932, 4999, 597, 3011, 1576, 4928, 1549, 584, 6190, 5178, 4661, 5146, 3487, 6305, 7158, 3240, 399, 887, 3330, 4133, 3216, 3721, 1756, 6556, 2236, 4233]
TN: []
FP: [6021, 1193, 6112, 2488, 6896, 270, 2588, 2169, 2450, 6048, 6105, 1484, 646, 2788, 7061, 6399, 2457, 2201, 645, 1841, 2207, 3910, 5443, 5324, 5805, 6036, 159, 2453, 5530, 5418, 5348, 7252, 6096, 5086, 2512, 746, 7238, 6860, 644, 650, 5816, 5813, 1569, 3775, 3778, 6815, 1827]
FN: [5128]
TP: [4712, 5841, 6691, 1015, 6370, 6409, 5832, 1942, 4623, 351, 5294, 1515, 205, 6997, 5690, 3221, 3472, 5627, 3681, 4666, 4307, 1952, 7116, 6147, 6750, 294, 5215, 6582, 3494, 2873, 345, 3328, 1950, 2693, 4883, 145, 4584, 562, 1114, 2132, 5561, 2632, 2156, 1970, 5188, 5080, 966, 2106, 6733, 690, 3772, 667, 287, 7089, 6924, 6333, 4903, 58, 1802, 1349, 5675, 4494, 5152, 190, 6705, 2623, 459, 3067, 4258, 2853, 2685, 6567, 503, 1259, 1023, 6424, 6243, 314, 886, 2917, 3610, 2903, 2226, 1540, 4462, 1253, 1377, 1732, 4803, 1836, 6228, 3537, 4045, 4624, 2607, 2937, 3161, 6666, 2818, 438, 3232, 6975, 6386, 2248, 4054, 1275, 3589, 3713, 5161, 805, 4391, 4842, 423, 118, 6804, 5938, 3129, 3750, 2263, 7050, 5649, 4150, 1885, 6157, 1214, 1294, 5334, 3949, 446, 5404, 781, 2642, 2423, 5219, 6283, 2686, 4493, 962, 4416, 2239, 3577, 4360, 7093, 7164, 3326, 2743, 325, 1941, 4814, 5640, 3502, 5026, 1669, 2645, 1775, 987, 515, 6738, 3926, 1041, 6868, 6138, 3558, 5223, 414, 3847, 1351, 2153, 5011, 1746, 485, 4042, 7112, 1810, 5034, 2275, 6527, 4982, 5137, 3003, 3096, 4451, 3595, 4366, 836, 5022, 2616, 6604, 6853, 6163, 6160, 5185, 6452, 2121, 5195, 52, 5648, 3649, 5492, 3057, 5403, 1967, 2942, 2622, 2545]
TN: []
FP: [6838, 1179, 4655, 5824, 6038, 1616, 6395, 5889, 2452, 5458, 4347, 5829, 4641, 160, 4558, 3796, 261, 764, 3797, 5413, 5905, 7248, 2407, 3354, 6401, 6841, 3785, 6107, 2294, 2513, 6845, 2529, 5382, 2290, 2491, 6354, 5374, 6045, 5282, 3358, 3900, 6954, 6877, 3807, 3799, 5793, 4552]
FN: [1381, 2215, 1861, 5498]
TP: [6610, 2706, 5147, 2297, 830, 4874, 5412, 227, 247, 2476, 2769, 1252, 6944, 2218, 4390, 1046, 3869, 3282, 4185, 1911, 3557, 6813, 5254, 2572, 2157, 3139, 494, 3948, 7131, 6641, 1737, 3249, 2882, 2846, 6663, 2648, 1649, 5657, 4700, 4912, 6502, 1371, 1513, 809, 5976, 867, 3484, 5411, 2229, 7000, 5992, 2635, 5882, 948, 3477, 4487, 2213, 6593, 838, 3281, 4026, 401, 6140, 3545, 1901, 149, 2335, 3142, 2085, 4524, 1742, 3066, 6710, 4080, 2817, 5045, 4109, 5981, 6943, 95, 2894, 2535, 5295, 1117, 5306, 6644, 3056, 1287, 2459, 1281, 1056, 6460, 2299, 1007, 3284, 2836, 5626, 4940, 6520, 3921, 1573, 3135, 2318, 3085, 5082, 6932, 4257, 1240, 2255, 1630, 3757, 6651, 1042, 6809, 6667, 4989, 2383, 4075, 4172, 1602, 1545, 6506, 5630, 1595, 7185, 7193, 1028, 3166, 6704, 5601, 4595, 323, 93, 4958, 1408, 840, 6907, 4660, 6176, 4460, 2715, 3525, 4088, 440, 4729, 3299, 1393, 1900, 6560, 2500, 81, 7220, 4916, 432, 1394, 2359, 7017, 450, 3124, 5706, 3414, 3339, 721, 6250, 7032, 1420, 105, 5467, 4538, 978, 7121, 6183, 5057, 3475, 4621, 2237, 3884, 732, 5603, 5, 3504, 442, 861, 1383, 5624, 3447, 7022, 4947, 301, 3687, 1735, 2035, 4159, 1532, 718, 5341, 998, 6088, 6798, 1508, 2377, 279, 277]
TN: [6097]
FP: [1173, 6011, 1679, 1824, 2798, 4757, 6065, 3368, 2170, 5375, 3390, 2775, 1182, 2396, 5461, 760, 5538, 6050, 6047, 3991, 2440, 1181, 6349, 4554, 3349, 2455, 5459, 5509, 642, 1564, 1146, 7256, 4629, 2778, 5504, 2314, 4435, 1621, 5449, 5505, 5452, 5420, 3186, 1194, 1626, 5906, 1623, 1499, 7063, 4445, 6111]
FN: [5118]
TP: [7223, 5307, 65, 49, 3863, 4506, 4785, 1661, 2225, 2420, 7178, 2869, 669, 6207, 4831, 7095, 7169, 4138, 1658, 3601, 4263, 3148, 2361, 2344, 4586, 6687, 4737, 4386, 2665, 6083, 2827, 7054, 2260, 3027, 1058, 6461, 1081, 1815, 1296, 1039, 6576, 5623, 4924, 2669, 5257, 6431, 2499, 5109, 528, 6444, 6766, 1219, 6178, 4382, 4410, 6090, 333, 182, 6193, 3590, 6246, 4783, 4137, 3606, 4371, 675, 5952, 5004, 437, 491, 5646, 4802, 5668, 5729, 7117, 1672]
TN: [4630]
FP: [2165, 6772, 1524, 6953, 1526, 3792, 3909, 555, 6816, 4631, 6052, 5822, 752, 3375, 1137, 749, 2189]
FN: [5091]
TP: [4428, 633, 2270, 1890, 6194, 4793, 5013, 5918, 4964, 2601, 6796, 135, 898, 628, 2652, 559, 4961, 3940, 4325, 6517, 1305, 4463, 3022, 233, 1693, 6382, 6632, 4301, 24, 2768, 2259, 3145, 5232, 7228, 1017, 6539, 4123, 7153, 4082, 3180, 6251, 3251, 1062, 6991, 3960, 2650, 3683, 6300, 2978, 6551, 1206, 7034, 5025, 384, 3404, 1334, 3117, 677, 2348, 2972, 2850, 3597, 130, 3677, 1759, 3877, 6550, 7029, 5493, 3338, 6150, 4015, 1227, 317, 3017, 4913, 2350, 1289, 5393, 4829, 6589, 904, 3314, 1276, 3002, 1329, 4904, 3861, 2013, 3256, 1884, 5023, 6153, 2018, 3004, 6253, 4878, 1436, 3771, 3859, 4330, 3341, 2134, 4485, 5731, 1032, 1597, 7157, 3492, 6480, 6808, 5159, 4432, 5042, 812, 5158, 757, 2764, 3648, 4254, 4266, 56, 411, 6708, 5982, 906, 6586, 6557, 4275, 4830, 2148, 2928, 696, 3646, 3051, 3061, 5210, 4314, 5604, 5077, 4606, 6221, 930, 1414, 2068, 2041, 4402, 6448, 4769, 5591, 192, 5917, 4723, 6757, 2021, 6553, 7114, 4939, 1812, 5922, 4169, 535, 933, 4921, 2886, 870, 4190, 621, 5524, 3072, 406, 5186, 6220, 6752, 436, 3647]
TN: [3433, 1175, 2448, 5798, 1178, 5354, 5904, 5873, 3352, 1624, 2740, 337, 5512, 2427, 5867, 2437, 1134, 3906, 2456, 462, 3362, 3350, 3985, 1120, 3435, 1493, 5869, 1104, 1401, 5364, 2295, 6909, 5535, 1112]
FP: [4627, 6892, 6279, 6013, 3194, 3774, 1684, 1820, 2578, 762]
FN: [2502, 1010, 1077, 6263, 2375, 1837, 975, 6345, 986, 6287, 147, 2716, 2296, 6262, 6313, 4596, 1857, 96, 6898, 1575, 2484, 7260, 2676, 6965, 6737, 1099, 146, 90, 4741, 2691, 2381, 1388, 143, 1989, 2465, 1855]
TP: [4329, 4886, 4790, 806, 1782, 3293, 792, 5268, 6931, 4963, 4136, 1946, 2146, 5108, 6524, 1719, 3822, 1036, 7188, 2249, 6643, 285, 1209, 7049, 2633, 4492, 4994, 3109, 7033, 1715, 2931, 108, 3520, 6548, 2277, 5309, 1783, 810, 3127, 6458, 1796, 1456, 5100, 3724, 6993, 1435, 1280, 5621, 883, 1718, 4932, 4806, 4522, 3315, 6600, 3211, 2876, 3131, 802, 6814, 6236, 3605, 2767, 1699, 4504, 5105, 4471, 860, 703, 922, 1417, 1920, 6700, 5297, 6519, 6978, 2125, 6162, 2094, 5957, 3424, 3937, 6628, 4016, 2323, 4021, 6465, 2950, 6365, 6945, 3745, 712, 5245, 291, 1944, 2878, 3471, 5253, 5143, 4264, 5728, 5115, 1803, 1745, 1270, 7080, 1277, 7142, 5197, 2844, 3049, 4567, 4625, 5027, 5643, 1892, 1413, 3170, 3674, 2330, 5111, 63, 3297, 3953, 219, 5339, 6515, 3669, 928, 6390, 5196, 4781, 487, 3719, 54, 4342, 4709, 2176, 1804, 3572, 2870, 1633, 3833, 828, 3684, 6238, 6606, 1012, 3034, 3510, 1606, 5220, 2977, 5479, 276, 4674, 5212, 6532, 1033, 6679, 3089, 5521, 2757, 5613, 3838, 3460, 4498, 3654, 3704, 7151, 6074, 6759]
TN: [1496, 3917, 3905, 1403, 5367, 1163, 5415, 5823, 3360, 6840, 4354, 4356, 1527, 5806, 7197, 5361, 6914, 5366, 6955, 3887, 4444, 2198, 5911, 2772, 2508, 739, 6828, 5358, 5528, 6775, 5788, 7202, 1157, 3895, 2293, 2521]
FP: [5283, 6113, 765, 6010, 6095, 156, 3192, 1821, 6029, 3196]
FN: [2471, 1641, 2670, 6322, 783, 2372, 4598, 3448, 1554, 2425, 6404, 4456, 1548, 150, 1463, 2655, 1899, 1648, 2660, 2477, 2658, 1653, 5862, 7145, 3620, 2362, 6413, 3476, 1991, 3474, 6731, 2729, 2901, 1464, 2112, 354, 352, 5886]
TP: [6481, 208, 6633, 582, 795, 847, 4130, 1707, 6930, 6689, 963, 965, 6800, 2321, 6745, 3853, 3225, 3548, 3581, 4526, 1813, 6714, 4389, 416, 6637, 5333, 4066, 3103, 2824, 2053, 6171, 3826, 2982, 6198, 4320, 1927, 1309, 4000, 3080, 5068, 819, 419, 1204, 5741, 684, 3829, 6445, 6584, 6570, 2837, 1781, 5609, 3162, 1451, 4018, 4161, 1601, 6605, 3639, 3264, 4501, 5167, 5572, 181, 5559, 2076, 1333, 4519, 2748, 4281, 5566, 4607, 869, 5554, 16, 1429, 5700, 3759, 3875, 5784, 5048, 5153, 4984, 7004, 6248, 5313, 232, 6375, 2834, 5242, 5747, 3736, 4415, 3287, 4230, 4215, 3924, 5672, 4620, 3209, 5481, 6662, 722, 212, 3843, 2750, 1261, 4253, 5951, 5964, 7098, 2274, 665, 82, 5637, 960, 6617, 5759, 7001, 1069, 513, 169, 4291, 4713, 4531, 3306, 5708, 4540, 5685, 1728, 5285, 6653, 5250, 70, 4288, 5651, 4418, 3726, 1411, 195, 903, 5321, 7126, 2333, 3680, 2550, 3976, 1318, 3830, 1375, 2048, 84, 3679, 5249, 492, 4773, 5732, 330, 1452, 5166, 3143, 519, 6170, 6624, 6754, 4079, 2902, 5963, 2253, 6616, 5203]
TN: [4760, 3436, 1483, 1622, 1494, 3429, 6911, 2444, 2783, 3903, 6777, 5087, 5083, 6910, 1620, 3798, 5506, 4439, 2506, 6859, 643, 3813, 1155, 5355, 2446, 5868, 1490, 652, 5907, 1145, 1561, 557, 6863, 1166]
FP: [6098, 5442, 1819, 7066, 2795, 4560, 2200, 2796, 163, 5447, 6009, 6887, 6062]
FN: [1539, 6851, 355, 1979, 1791, 1538, 1982, 6405, 2667, 4457, 6118, 2467, 1574, 31, 2896, 1512, 3451, 5858, 1914, 148, 6304, 1983, 3446, 6318, 5847, 3633, 2110, 6928, 3453, 5850, 32, 1535, 1552, 779, 3628, 6921, 5849, 5789]
TP: [3968, 4682, 4041, 926, 2627, 5296, 2862, 5560, 4583, 3008, 500, 7002, 623, 502, 5677, 3278, 4949, 2283, 2212, 3069, 3747, 7148, 2047, 4610, 4466, 4532, 5075, 1066, 2864, 728, 1636, 7154, 1760, 4619, 2022, 2105, 4512, 433, 592, 6543, 2596, 4689, 4289, 7024, 1926, 1891, 2911, 6529, 4176, 849, 3727, 5958, 3272, 3579, 6660, 80, 3878, 324, 4152, 48, 1271, 1939, 6420, 1692, 1700, 4311, 5969, 4495, 3164, 1352, 1220, 3730, 115, 1938, 1225, 7088, 676, 5180, 4998, 3261, 5066, 1816, 3865, 6626, 797, 1446, 724, 5175, 3515, 5688, 5154, 2324, 3717, 4796, 3399, 3503, 4166, 660, 5484, 7216, 5680, 6622, 719, 5308, 3709, 616, 2828, 517, 2888, 210, 5751, 289, 4078, 7003, 4046, 3665, 5141, 1934, 3115, 2594, 2881, 4725, 5053, 2815, 98, 2823, 697, 3955, 4186, 4377, 4587, 3963, 4476, 4381, 4882, 5748, 925, 5258, 793, 1244, 3993, 1072, 910, 5133, 6547, 4885, 476, 7120, 5679, 2859, 428, 585, 3427, 1916, 1332, 5641, 518, 6565, 387, 5780, 6614, 4049, 1238, 2097, 4901, 900, 4338, 4837, 5127, 3466, 6990, 5106]
TN: [1191, 3366, 2773, 6785, 7201, 742, 3793, 1109, 2433, 3904, 756, 6780, 3359, 5389, 4640, 1183, 4648, 3789, 7199, 6959, 5353, 3353, 5870, 6782, 7244, 2434, 3911, 7243, 4446, 7255, 638, 2741, 6770, 3989, 2507, 2428, 4761, 2731]
FP: [1361, 6894, 7060, 6393, 2799, 767, 158, 274, 2158, 1680]
FN: [106, 6233, 1963, 2367, 350, 2895, 2373, 6317, 5838, 1005, 2719, 6265, 366, 1466, 2668, 39, 6925, 1082, 3483, 361, 1962, 2304, 2907, 2730, 102, 2109, 1854, 2717, 2482, 2675, 1896, 6734, 1960, 6966, 5836, 367]
TP: [6068, 6674, 5097, 3839, 7170, 4794, 6373, 486, 938, 3693, 4943, 4433, 5770, 4960, 6681, 895, 6476, 1439, 6226, 427, 4346, 2254, 1612, 6464, 920, 1730, 2938, 3092, 2940, 7222, 3934, 2325, 2576, 1031, 530, 3978, 5956, 3938, 720, 4952, 3518, 5687, 2123, 1416, 6503, 4405, 2002, 3040, 5052, 477, 5901, 2855, 662, 5689, 2133, 6244, 917, 7108, 7091, 6970, 3873, 1919, 5979, 4959, 5656, 5899, 1948, 5233, 864, 2026, 4319, 275, 5199, 5663, 4142, 5605, 4227, 7043, 3321, 3738, 4076, 927, 5943, 1430, 7146, 3176, 4173, 4408, 3050, 5550, 5942, 3967, 3163, 7087, 890, 4937, 4417, 4581, 3123, 191, 5567, 1217, 3652, 1230, 3111, 4983, 6376, 5661, 4473, 293, 3158, 1607, 3411, 4720, 889, 3032, 5965, 3075, 2266, 2032, 1867, 5270, 5920, 863, 610, 3227, 6201, 4823, 2027, 4020, 1879, 5485, 4104, 3165, 1282, 4241, 6989, 4530, 5171, 1050, 3707, 490, 6968, 4608, 5304, 245, 2222, 929, 6803, 5330, 5340, 3323, 1235, 7210, 2128, 4525, 3042, 3837, 2952, 3872, 5930, 4286, 1717, 2129, 6802, 475, 845, 6079, 2874, 6618, 5639, 7123, 242]
TN: [545, 1168, 466, 3801, 2451, 6957, 6056, 1528, 6356, 3361, 6781, 3800, 1476, 7204, 6214, 3805, 3899, 6821, 5347, 1478, 3992, 6825, 1481, 3372, 2196, 1186, 2492, 7200, 1158, 1138, 653, 5891, 1127, 745]
FP: [3188, 2791, 2204, 1354, 2797, 6889, 1818, 6403, 3388, 4548, 3200, 2166, 2159, 161, 4564, 162, 6876]
FN: [1830, 1095, 6312, 2663, 3486, 1973, 5834, 2661, 2542, 3635, 6340, 1509, 983, 771, 4738, 2699, 6181, 2916, 2898, 6329, 1000, 1534, 3627, 151, 770, 2684, 2708, 6209, 2722, 2379, 6850, 6321]
TP: [709, 5200, 5076, 2011, 6621, 7136, 6602, 2841, 5769, 3119, 1748, 630, 4543, 6903, 2605, 3222, 6592, 3703, 3100, 3582, 6408, 6174, 4228, 4271, 2175, 4968, 4359, 2998, 1806, 4167, 1218, 4283, 1051, 5240, 5092, 3167, 4398, 5587, 3394, 1257, 3417, 6522, 1716, 280, 4231, 1943, 5264, 6421, 5712, 2221, 2353, 2001, 319, 69, 5316, 1243, 4866, 4805, 6720, 7159, 1291, 5499, 5761, 13, 6071, 4147, 7161, 609, 5683, 7122, 4198, 3856, 3048, 2036, 941, 4732, 5070, 4907, 3210, 122, 6807, 5653, 6164, 2015, 5944, 1918, 866, 7040, 383, 855, 3097, 4404, 5931, 4282, 3400, 5940, 1324, 4727, 5607, 1341, 174, 3842, 6364, 6247, 4207, 6650, 1713, 5949, 5954, 2071, 167, 5176, 3147, 4001, 6406, 5095, 4406, 5174, 596, 456, 2597, 5205, 3295, 1038, 3215, 2887, 5058, 2968, 455, 4077, 3026, 5007, 435, 404, 6977, 6941, 5491, 4578, 3291, 2064, 4547, 5400, 619, 42, 4767, 6937, 4209, 6983, 2809, 5064, 2967, 2759, 1325, 8, 19, 3716, 1865, 3207, 816, 2265, 7020, 2019, 4431]
TN: [1568, 1563, 740, 2409, 651, 5909, 2398, 1164, 2516, 1119, 1826, 1129, 2782, 7245, 3379, 6787, 5386, 2391, 1141, 4658, 4348, 1592, 5513, 7258, 5812, 2734, 4765, 7206, 3982, 1590, 5819, 1174, 1160]
FP: [1356, 6031, 6880, 6040, 6394, 2203, 4637, 3190, 5450, 1358, 3189, 4557, 5274, 5278, 3193, 4632, 3386, 6093]
FN: [6963, 2723, 2468, 6411, 980, 5880, 5884, 6337, 1397, 5859, 37, 1382, 1533, 5837, 3480, 1650, 1642, 5302, 971, 6281, 2470, 1645, 1894, 1582, 2424, 1789, 2544, 5878, 1551, 3449, 2914, 368, 2727, 7134, 5831, 1961, 6310, 3631, 4591, 2374, 6867, 4590]
TP: [6609, 3659, 238, 4470, 1345, 5929, 3317, 2845, 6538, 3150, 3094, 198, 3644, 5299, 5923, 7013, 5985, 3058, 21, 400, 1953, 6743, 5009, 4708, 5592, 2008, 5114, 4483, 3530, 5754, 877, 3140, 5060, 4515, 681, 5760, 4110, 6940, 3612, 4316, 4691, 1268, 4872, 425, 4566, 5120, 3939, 453, 6751, 2884, 4705, 6470, 4306, 2271, 6385, 290, 1690, 3079, 672, 72, 6151, 631, 4934, 7137, 4009, 127, 5468, 4290, 6120, 4126, 2178, 3941, 5040, 956, 3468, 624, 3324, 5125, 6494, 3059, 5163, 5256, 3766, 4734, 4896, 6755, 3082, 3409, 2240, 4865, 880, 4267, 7039, 6490, 729, 6172, 6073, 3517, 6381, 4114, 2851, 5948, 2017, 1306, 4164, 4273, 686, 4822, 3043, 1727, 3753, 2610, 3516, 2341, 1284, 457, 2040, 1801, 1025, 5667, 2211, 5469, 522, 1409, 2943, 418, 452, 2611, 2326, 3242, 5168, 612, 17, 6471, 3852, 4499, 5288, 3231, 1273, 3943, 6149, 5966, 3266, 1047, 5578, 2124, 5160, 5720, 4144, 6142, 4919, 4697, 2247, 1627, 6723, 7262, 2760, 3052, 5638, 4694, 5472, 507, 1438, 7138, 5267, 6418, 6648, 3550, 7180, 4867, 2354, 6165, 6763, 3214, 2879, 2590, 2044]
TN: [2738, 6024, 4353, 4438, 1570, 1131, 3811, 5529, 5322, 5828, 2438, 5800, 3988, 5526, 1170, 3889, 1177, 551, 6776, 3380, 2400, 5508, 6827, 1144, 5350, 1180, 6216, 341, 2291, 2439, 2518, 3890]
FP: [5430, 6003, 6057, 3199, 4635, 763, 2583, 2161]
FN: [2539, 6325, 348, 778, 2904, 1391, 6308, 4755, 1116, 6897, 1792, 1473, 349, 969, 982, 1389, 4747, 6288, 1092, 34, 5833, 4746, 1384, 2989, 1958, 996, 2479, 1543, 2302, 1009, 5846, 2899, 3445, 1386, 1558, 1097, 6342, 2388, 7052]
TP: [1071, 5764, 3539, 4373, 3920, 6187, 3743, 3748, 1055, 3544, 223, 2557, 409, 6985, 3845, 3464, 7028, 7068, 5902, 6255, 3925, 2559, 282, 234, 1312, 3177, 7177, 3614, 4094, 117, 2565, 497, 5921, 1677, 4582, 2932, 4589, 4127, 1021, 907, 3740, 392, 2825, 940, 5224, 186, 6698, 2184, 2098, 332, 871, 5001, 1063, 1269, 4808, 6611, 2136, 178, 429, 2352, 2970, 6974, 5704, 6534, 5658, 6440, 7011, 1407, 5767, 6998, 2210, 1635, 3768, 5228, 1774, 6514, 537, 5766, 514, 6629, 3153, 172, 604, 6191, 4048, 6294, 2813, 3653, 4394, 47, 5248, 4868, 2126, 3012, 3243, 1427, 3206, 4195, 7219, 6378, 5332, 3501, 3137, 5919, 3522, 4588, 1418, 5051, 1951, 248, 6748, 4468, 876, 1267, 3552, 4333, 844, 4579, 4827, 5474, 540, 4179, 2600, 4816, 4905, 2872, 278, 2144, 3262, 7221, 4626, 6453, 4875, 5317, 884, 6148, 6552, 488, 3561, 5709, 6115, 4662, 3408, 1199, 5599, 730, 2223, 420, 2083, 5032, 3467, 5896, 4981, 1793, 661, 1670, 4520, 5271, 3253, 1695, 2880, 3705, 166, 6169, 3930, 6811, 3116, 3269, 2034, 6939, 4834, 7217, 2273, 6158, 3019, 1308, 4698, 3720, 6429, 4797]
TN: [2429, 5527, 6832, 2505, 1122, 6913, 1103, 4758, 4357, 6051, 5871, 3373, 1135, 1495, 543, 1149, 5326, 6353, 5537, 2392, 3806, 656, 2195, 649, 6837, 2292, 3892, 6347, 2413, 6956, 5383]
FP: [5436, 769, 6276, 7059, 3191, 2162, 2160, 3387, 3382, 6018, 2202, 2584, 6066, 272, 6102]
FN: [775, 4599, 2711, 2726, 6266, 362, 3204, 1984, 1912, 1096, 1644, 2460, 1585, 995, 2725, 4752, 2702, 1465, 4753, 777, 5877, 6234, 1400, 3615, 2305, 3442, 2713, 6282, 2376, 4740]
TP: [3752, 2999, 1634, 4070, 2149, 2177, 5500, 2639, 1378, 5187, 381, 3178, 629, 2004, 2257, 1293, 292, 2091, 2749, 331, 4844, 3729, 2603, 5782, 4717, 3848, 6196, 4472, 501, 896, 4069, 4300, 3415, 2056, 3168, 5342, 4811, 1262, 4096, 617, 2575, 5647, 4011, 2069, 329, 5225, 4175, 6722, 6995, 398, 5043, 4102, 4189, 4575, 5582, 846, 2826, 1766, 580, 622, 3760, 4993, 5031, 3412, 7009, 4990, 6446, 6685, 5398, 3868, 6590, 951, 6627, 6252, 6081, 5121, 4996, 5570, 7084, 1705, 4546, 4467, 1930, 4100, 3301, 6758, 955, 608, 5090, 5739, 1208, 3570, 1441, 11, 2567, 3599, 1784, 4857, 7150, 6581, 6569, 1367, 99, 2947, 3998, 3749, 2553, 4072, 1089, 1747, 5989, 1266, 3819, 2840, 5298, 7014, 1457, 3340, 4131, 6082, 4775, 2095, 430, 7105, 2246, 4202, 5978, 6504, 4870, 1422, 3283, 5273, 5140, 4936, 7175, 7156, 6973, 5054, 6131, 6707, 7107, 283, 4518, 3850, 5272, 683, 699, 6902, 4510, 7214, 626, 1770, 3304, 2770, 5016, 2092, 1850, 6715, 86, 4243, 5394, 6583, 4770, 6984, 3130, 815, 3972, 4798, 129, 954, 6613, 3077, 2984, 4141, 448, 451, 2746, 4220, 820, 1744, 4906, 2179, 5151]
TN: [5787, 2399, 4355, 755, 1185, 5385, 5817, 2310, 743, 640, 5887, 6348, 1132, 1843, 1188, 5360, 5863, 5368, 3803, 6829, 5797, 5792, 7207, 5540, 738, 6774]
FP: [6882, 6890, 6067, 265, 1682, 5457, 3784, 6043, 1359, 6109, 6027, 1681, 2206, 6106, 3182, 6033, 1840]
FN: [4742, 3450, 2920, 782, 5291, 1859, 6847, 1639, 2683, 2419, 1537, 2900, 2996, 2704, 1087, 6339, 6259, 6736, 3462, 2108, 2728, 2481, 2384, 6410, 2687, 1975, 2995, 353, 365, 1976]
TP: [249, 5463, 5112, 685, 2115, 5501, 5678, 4385, 3174, 4833, 2147, 2228, 214, 3015, 2842, 2079, 1048, 6561, 3855, 1921, 6765, 2951, 1660, 1615, 4132, 1779, 320, 4542, 5711, 1929, 2327, 2065, 5144, 4570, 4036, 581, 6599, 3010, 3824, 4326, 5029, 3105, 241, 6719, 4950, 1223, 6670, 2000, 4677, 1999, 3607, 5101, 2143, 1228, 5503, 2761, 3885, 3407, 3951, 3329, 6572, 5519, 567, 5311, 6585, 1433, 2006, 4044, 1365, 6237, 7038, 2155, 7168, 2640, 7115, 857, 6652, 2638, 4430, 4786, 531, 3270, 4378, 2614, 1875, 5241, 5044, 3970, 4459, 692, 3084, 2180, 1330, 2564, 7083, 2049, 240, 1889, 3712, 5914, 73, 2847, 3666, 5470, 4196, 2059, 4852, 798, 4475, 5634, 2831, 3932, 3155, 6558, 4396, 5238, 2651, 5037, 3762, 3744, 3332, 6601, 2140, 935, 6980, 1599, 4361, 7010, 2865, 2135, 6716, 4815, 5237, 5579, 441, 2867, 5172, 4129, 3151, 4894, 6588, 5059, 2954, 5251, 5150, 4967, 133, 5136, 6904, 4933, 1221, 4988, 4063, 303, 1765, 2120, 402, 4688, 5073, 6467, 1346, 4893, 1662, 7092, 4101, 6086, 4948, 854, 4057, 5773, 807, 3310, 2838, 5584, 6579, 3815, 6760, 1236, 3416, 5714, 3470, 4914, 4884, 6422, 4067, 5190, 4059, 4285]
TN: [5827, 2780, 4652, 4653, 1498, 3363, 336, 3791, 1491, 2397, 2431, 4654, 3356, 735, 6786, 1171, 5532, 751, 3916, 7198, 5373, 6779, 2514, 1198, 1847, 5372, 6767, 1176, 6054]
FP: [5426, 5434, 6002, 3780, 3381, 3184, 5429, 5448, 6878, 5428, 3181]
FN: [38, 5790, 2955, 1580, 2504, 5861, 2538, 1834, 5874, 359, 6735, 1988, 1652, 2363, 5840, 4745, 1531, 2657, 100, 2682, 4593, 1093, 1965, 3444, 6128, 3455, 6344, 142]
TP: [3656, 3248, 2949, 3212, 2969, 4421, 4095, 2857, 1412, 2151, 4143, 4529, 4237, 7090, 4272, 3294, 6996, 6175, 3255, 4287, 4091, 6197, 5067, 2563, 2551, 2113, 4099, 682, 3733, 2959, 4854, 591, 663, 5071, 6449, 1657, 3311, 207, 5633, 4038, 2227, 2093, 4221, 3542, 5006, 1226, 7233, 3418, 2742, 5897, 2558, 1034, 3685, 3208, 7103, 4955, 5266, 1256, 5139, 88, 4151, 4889, 4568, 1917, 4845, 1044, 4304, 4917, 680, 5758, 5301, 4204, 4277, 6623, 3638, 237, 4724, 6938, 7176, 4270, 4061, 6649, 3965, 4113, 4229, 4007, 4477, 499, 3250, 4249, 1022, 2061, 1594, 4888, 3958, 5397, 2284, 6223, 4800, 6137, 5955, 2349, 1274, 1876, 5305, 4612, 3645, 3327, 4106, 131, 7069, 6571, 3981, 5089, 6647, 4012, 2822, 4327, 1945, 4039, 4962, 3583, 2933, 2980, 2973, 3935, 5061, 1302, 7125, 2233, 6508, 4710, 2039, 176, 5565, 9, 3280, 3060, 1808, 1663, 6070, 6636, 1772, 6971, 2016, 4025, 6695, 6488, 3672, 1888, 6972, 385, 2351, 4461, 3564, 5750, 6638, 5116, 1853, 6456, 6185, 4065, 5618, 1738, 5652, 4574, 578, 2118, 5207, 3706, 458, 6466, 6756, 6478, 4971, 5129, 2811, 4362, 3220, 2613, 377, 1380, 2346, 1711, 7190]
TN: [3437, 4639, 1165, 7259, 2415, 2402, 4763, 3374, 5088, 1489, 1625, 3365, 1148, 6789, 654, 4447, 1402, 2774, 5370, 1121, 2411, 2445, 5377, 1105, 1152, 1124, 2956, 1503, 3795, 6783, 2771, 5786]
FP: [2164, 7057, 6273, 6000, 5437, 5996, 5445, 768, 2587, 4555]
FN: [785, 3479, 2370, 6319, 3630, 1998, 6323, 30, 6320, 6335, 774, 2654, 5830, 2475, 990, 2385, 6326, 2705, 2988, 2485, 4453, 1472, 1085, 1001, 1996, 4744, 6331, 2300, 2678]
TP: [4037, 4702, 6694, 6721, 4788, 1714, 865, 4565, 3171, 3923, 1052, 3964, 4331, 3718, 879, 6358, 4397, 1852, 4768, 6242, 2051, 560, 5546, 3175, 1053, 1020, 7019, 853, 5994, 5702, 75, 5193, 4616, 6439, 5312, 6979, 4614, 59, 512, 3118, 2871, 911, 573, 5314, 244, 2264, 5543, 2935, 4248, 408, 6361, 1694, 6436, 5079, 6072, 1054, 4856, 6084, 3160, 5183, 4807, 593, 5988, 4673, 2338, 5206, 6642, 5124, 6166, 4323, 7113, 2052, 5102, 286, 3493, 6701, 1444, 1074, 3532, 1211, 3320, 5776, 1758, 326, 4369, 825, 6697, 4029, 7196, 6597, 6380, 470, 3263, 2765, 3459, 5289, 5735, 6499, 3980, 5585, 5673, 1862, 1070, 538, 3110, 3133, 1704, 495, 5204, 5941, 4774, 2889, 2819, 4795, 6703, 4611, 4880, 4839, 7147, 4214, 3758, 4116, 5995, 2561, 6541, 7213, 3755, 1224, 2985, 5707, 625, 6620, 5980, 832, 6951, 614, 7140, 5774, 523, 2244, 6501, 4505, 800, 6906, 3309, 5669, 4719, 1443, 6249, 2139, 3604, 5482, 7224, 2924, 2939, 6683, 6724, 4184, 3252, 498, 6450, 3421, 6145, 2629, 3586, 4274, 1712]
TN: [5371, 6346, 5815, 2190, 2393, 1686, 5362, 5811, 5391, 6961, 2309, 3907, 6960, 6830, 3430, 3355, 639, 3983, 1118, 2733, 6857, 5908, 2311, 6820, 6034, 5872, 1593, 1822, 3893, 6350, 2289, 1196, 1849, 1475, 1525, 1147, 5826, 4436, 3915, 2732, 1485, 3804, 257, 1685, 6215, 461, 7241]
FP: [6110, 3391, 1355, 6269, 5456, 6277, 255, 6402]
FN: [1008, 2893, 1519, 992, 5875, 2461, 5851, 1514, 1518, 6338, 6258, 6920, 773, 6309, 6285, 3498, 1895, 3441, 1638, 6230, 2365, 5959, 6849, 1586, 6854, 1856, 6261, 3626, 5848, 101, 6926, 6793, 5839, 2463]
TP: [3093, 6661, 6077, 3994, 5736, 687, 3879, 185, 7160, 2077, 1372, 6935, 5005, 4703, 1323, 1691, 5772, 695, 635, 2086, 3825, 5202, 3507, 3671, 5610, 1431, 5757, 7007, 4609, 6195, 3756, 6656, 3723, 3344, 3298, 5564, 4174, 3039, 586, 1702, 1785, 1455, 3258, 943, 3302, 611, 3817, 3247, 5745, 2566, 3234, 3942, 1666, 3966, 123, 6161, 6296, 5050, 5555, 1059, 5716, 5259, 7070, 4403, 3149, 6684, 7236, 2602, 7212, 6360, 4820, 6473, 3592, 4247, 5783, 7155, 2883, 6441, 50, 3489, 6189, 2063, 7047, 6658, 3230, 4171, 444, 2885, 1231, 3602, 3697, 2745, 7085, 4004, 2089, 45, 3957, 3005, 3144, 3490, 2852, 5684, 6574, 536, 6668, 6525, 516, 3571, 3021, 321, 4056, 4840, 5990, 1307, 6801, 4170, 3526, 804, 1461, 1725, 1250, 6615, 1260, 5723, 4511, 7139, 2090, 2644, 4033, 3922, 4847, 5119, 132, 915, 126, 4813, 7231, 1777, 3307, 6388, 6564, 506, 3556, 4223, 2183, 2624, 6383, 3173, 2262, 957, 3835, 3300, 6379, 3405, 4715, 1701, 3867, 3962, 4409, 668, 4975, 4545, 4122, 2023, 3245, 1030, 1880, 4203, 1949, 594, 2074, 1743, 1799, 2930, 3224, 3741, 615, 3585, 140, 3858, 6746, 4028, 1437, 3259, 7167, 5041, 5781, 6200, 6387]
TN: [2286, 2527, 7257, 5381, 5531, 6015, 2517, 1107, 6839, 641, 6843, 6834, 5892, 4650, 3369, 2197, 2410, 6022, 4657, 3886, 4443, 6055, 4659]
FP: [5446, 5432, 267, 6004, 3788, 1362, 273, 4559, 3773, 5439, 6028, 157, 1357, 1363, 5444, 5440, 6400]
FN: [1084, 1470, 6866, 5844, 1969, 1986, 6923, 3636, 1651, 2710, 2386, 2690, 6231, 1910, 343, 786, 1972, 6964, 6334, 788, 2368, 1542, 3463, 2301, 1557, 6728, 370]
TP: [4310, 2100, 7021, 4308, 529, 1881, 6566, 5214, 1342, 2892, 1868, 421, 1027, 6186, 5625, 6999, 5216, 5993, 4679, 5078, 2014, 5654, 526, 4978, 281, 1877, 4296, 472, 3511, 1445, 7118, 4973, 829, 4718, 311, 2042, 6184, 5742, 4375, 1286, 4, 114, 6603, 2238, 217, 3132, 5156, 68, 4918, 7035, 4245, 6495, 2114, 3395, 393, 4363, 1449, 3041, 6384, 5036, 5569, 3870, 4423, 3342, 3126, 7031, 7184, 6455, 3086, 6392, 4930, 2082, 4721, 3296, 1297, 4858, 1088, 3695, 2029, 5595, 3714, 78, 2181, 3565, 298, 3065, 4305, 5465, 296, 2945, 4899, 821, 412, 4146, 2849, 2609, 937, 3016, 5466, 2802, 5081, 4019, 5286, 310, 116, 6469, 4503, 5617, 1264, 4887, 250, 6505, 706, 1720, 4073, 4514, 4212, 2926, 439, 2339, 2261, 4125, 481, 4225, 4946, 2766, 565, 3708, 6568, 3393, 1428, 6227, 3763, 5594, 6295, 3854, 5049, 1675, 1460, 632, 1265, 4384, 2337, 3927, 1067, 6678, 2220, 1212, 6136, 5019, 3945, 312, 3235, 1604, 3013, 7042, 6692, 6699, 5222, 3754, 4478, 913, 4087, 5014, 1335, 4969, 3268, 483, 3883, 2231, 5549, 4508, 3071, 5551, 6664, 7025, 1376, 5471, 5488, 2593, 3288, 6357, 2234, 6437, 4183, 6598, 5937, 6133, 12, 177, 6657, 7149]
TN: [2287, 463, 6212, 4766, 5329, 2531, 7242, 2432, 5865, 6856, 3809, 1190, 339, 3814, 6769, 2408, 5894, 7250, 2735, 6213, 2308, 6352, 5541, 4441]
FP: [264, 2167, 6020, 4628, 1839, 5435, 6008, 6019, 4562, 154, 4561, 761]
FN: [3481, 2417, 1992, 2480, 2674, 2721, 6290, 6732, 3203, 2382, 5292, 6061, 3499, 6211, 1909, 2472, 1643, 1113, 1469, 6730, 1957, 1392, 2679, 3619, 4450, 6260, 787, 6130]
TP: [6542, 3319, 733, 835, 175, 6537, 4180, 6477, 434, 2232, 3734, 4474, 4345, 137, 4995, 2096, 4938, 3104, 5606, 1065, 7076, 4112, 6257, 2278, 705, 1241, 3305, 4124, 3956, 5012, 6155, 5775, 1353, 1866, 5602, 3650, 510, 2976, 6992, 3841, 6675, 1935, 6301, 5715, 4891, 3205, 7237, 6554, 2963, 5915, 3521, 2647, 3952, 480, 3062, 2618, 4812, 6563, 15, 4879, 5744, 5695, 7218, 6619, 6982, 6630, 4941, 3346, 1263, 2005, 5547, 7067, 5189, 5762, 4977, 4663, 2145, 3578, 5557, 2242, 6711, 77, 2979, 1664, 7128, 3686, 2755, 3675, 3121, 4426, 5483, 4005, 2251, 4509, 6475, 424, 3608, 575, 6942, 919, 7187, 3676, 4926, 2744, 6686, 1255, 6496, 2625, 215, 231, 511, 3286, 799, 1207, 723, 251, 3664, 3534, 2630, 6468, 6899, 5487, 1205, 3765, 6462, 892, 5743, 4667, 6523, 309, 3513, 1327, 4058, 203, 859, 5970, 6122, 4484, 4976, 4681, 221, 4572, 3944, 4052, 3169, 454, 5577, 4358, 7183, 4118, 4312, 7078, 1769, 6762, 422, 4193, 885, 1026, 1668, 6562, 6988, 5699, 3643, 3974, 2548, 1415, 3950, 3128, 4541, 813, 6544, 1247, 7195, 3673, 138, 4881, 7181]
TN: [2515, 5419, 637, 4759, 2532, 2406, 2193, 5866, 2786, 1477, 6862, 3812, 2789, 2736, 1618, 5388, 4642, 6844, 3896, 5325, 5818, 2511, 2454, 748, 6864, 1406, 3794, 5349]
FP: [5277, 6049, 4549, 5425, 6042, 5455, 6101, 2173, 6044, 3389, 6025, 6271, 3779, 1842]
FN: [6311, 1507, 6336, 2498, 5883, 7051, 4739, 2987, 6869, 1985, 1100, 6922, 6315, 772, 991, 2905, 3617, 3624, 2692, 1546, 2487, 2664, 1583, 2422, 1993, 1559, 1399, 1905, 6129, 1906, 6306, 1647, 6852, 4750, 92, 372, 2922]
TP: [4083, 4040, 7173, 3035, 6435, 1043, 5768, 3068, 601, 373, 3979, 2997, 3073, 708, 4772, 5900, 4178, 4862, 2322, 220, 5069, 6080, 4490, 3108, 6372, 2974, 2821, 4618, 715, 710, 527, 1045, 6671, 5046, 874, 7102, 5148, 5218, 4690, 5110, 2620, 6417, 18, 3239, 5235, 4218, 607, 5165, 541, 4692, 1222, 3275, 4927, 7074, 1811, 6688, 3081, 396, 4900, 6696, 3832, 6146, 2599, 3764, 28, 1, 5074, 603, 1947, 1060, 57, 1328, 4789, 5401, 2820, 1073, 1304, 2031, 6947, 230, 4006, 2858, 1750, 4216, 4676, 3033, 5746, 4577, 1749, 1215, 2003, 5303, 1798, 4344, 5410, 3102, 918, 862, 5586, 6141, 415, 6727, 7234, 4256, 3333, 5515, 322, 2555, 670, 4909, 2975, 4032, 4985, 2595, 4322, 5968, 1338, 479, 4010, 5239, 139, 5771, 173, 2890, 4848, 3540, 5494, 3054, 5123, 170, 67, 3106, 4031, 3223, 2936, 125, 6491, 5320, 4205, 313, 572, 4687, 5696, 5344, 2816, 1726, 3860, 3702, 5960, 4819, 1757, 5705, 3667, 1786, 1924, 2340, 1373, 3336, 691, 839, 3995, 2925, 1703, 225, 4537, 165, 5727, 1771, 3563, 2615, 3818, 7192, 2574, 3422, 902, 431, 6256, 6905, 5670]
TN: [1143, 2307, 5809, 465, 2519, 1151, 5536, 4646, 2524, 6855, 3897, 549, 3367, 1617, 655, 554, 6836, 7203, 5821, 2787, 6833, 5807, 6916, 1405, 1106, 2509, 6784, 5799, 6824, 5328, 4647, 5814, 747]
FP: [4550, 1364, 5424, 6063, 5453, 2171, 5454, 6012, 4551, 6888, 3202, 7064]
FN: [1589, 6870, 2486, 91, 5843, 6927, 1390, 2537, 2389, 29, 994, 2483, 1860, 1467, 1981, 347, 1083, 2543, 1915, 1966, 342, 5290, 5857, 2915, 4448, 3629, 1101, 1572, 89, 1004, 144, 2714]
TP: [4863, 873, 6702, 5975, 7071, 284, 3274, 4736, 1348, 2058, 395, 2235, 5983, 3152, 196, 4809, 5192, 4876, 3519, 4489, 6612, 3569, 4098, 3827, 4414, 2185, 7132, 3419, 525, 1326, 4992, 4782, 4569, 5265, 6654, 5145, 443, 713, 3849, 4226, 1018, 2067, 6673, 4491, 3559, 693, 6640, 3401, 1637, 1767, 4043, 216, 3862, 1864, 5598, 6536, 6121, 5098, 5779, 2626, 7015, 1248, 6374, 1762, 3136, 4097, 4242, 2084, 6485, 4890, 3018, 1340, 3257, 4945, 1035, 1237, 4165, 4931, 7110, 6241, 202, 1251, 1440, 6761, 4897, 2808, 5072, 5785, 5548, 3491, 5402, 1873, 1869, 6693, 3, 4315, 1698, 2072, 4536, 1940, 3820, 4497, 1283, 4521, 7044, 7119, 4481, 1773, 3959, 2860, 5130, 3831, 2573, 4860, 2269, 3138, 5950, 6712, 4585, 5710, 2981, 2214, 5310, 1064, 1763, 2631, 305, 209, 5261, 113, 3746, 6428, 2833, 6594, 5047, 1598, 239, 1874, 3823, 1689, 5182, 5611, 4683, 3271, 4953, 3500, 5580, 6443, 6713, 1314, 6438, 1290, 1075, 1761, 1272, 837, 5132, 2934, 6595, 304, 4859, 3469, 405, 3508, 4771, 4399, 1239, 5179, 3457, 2342, 4500]
TN: [1520, 4756, 1825, 5423, 2530, 4352, 6217, 737, 4351, 2394, 4764, 1404, 5895, 6053, 1110, 3438, 5414, 2533, 5356, 552, 3371, 2390, 2776, 1128, 4602, 2493, 5369, 1161, 5888, 5864, 4651, 7247, 263, 1529, 3348, 3370, 5392, 5893, 2443]
FP: [3201, 3777, 759, 2586, 153, 7065, 6270, 268, 5431, 6006, 6879, 3183, 7062, 155, 6094, 6885]
FN: [357, 993, 1655, 6792, 1011, 984, 6739, 1903, 1978, 2466, 2107, 2659, 6740, 3621, 2993, 1913, 3473, 3488, 2918, 2298, 4594, 5879, 1904, 6846, 1078, 7053, 6125, 972, 974, 6208]
TP: [2033, 1421, 5173, 1922, 5615, 3591, 893, 2057, 5722, 4817, 4877, 1708, 6934, 236, 3715, 1057, 3668, 64, 43, 4337, 1870, 1279, 7211, 6219, 3722, 3461, 5520, 2272, 7077, 119, 4942, 1706, 4148, 823, 6199, 5620, 4810, 5409, 1828, 87, 3874, 5300, 5486, 2619, 2186, 3919, 6530, 3157, 961, 7048, 4419, 413, 5946, 1350, 53, 2280, 4284, 1613, 2256, 3512, 3928, 946, 3535, 2030, 843, 826, 841, 6156, 4163, 2317, 1673, 1014, 2154, 3244, 568, 7130, 7006, 4328, 2138, 3265, 7194, 4980, 949, 4232, 5319, 469, 2073, 3246, 5020, 5056, 3678, 947, 2131, 4838, 3030, 4219, 1776, 4576, 7163, 5164, 4987, 4496, 942, 120, 2953, 5545, 3398, 2217, 41, 4427, 4111, 4379, 1611, 4675, 1632, 5718, 936, 5155, 288, 6507, 496, 803, 6432, 83, 1696, 5755, 5733, 2347, 4201, 5517, 6559, 5713, 3099, 4835, 3337, 796, 5600, 7104, 5724, 4502, 5198, 199, 5497, 4370, 1722, 4034, 3996, 5122, 5562, 379, 2331, 4030, 5926, 4343, 213, 5236, 702, 3045, 5581, 3692, 4255, 2843, 1339, 1628, 7127, 5693, 2216, 4224, 4972, 3495, 2054, 2835, 473, 4482, 168, 4776, 4615, 701, 6635, 2345, 1331, 2355, 2589, 1723, 5666, 7232, 6291]
TN: [3439, 5323, 6818, 5804, 5912, 7239, 338, 1167, 3986, 5810, 1487, 2404, 3790, 6835, 1504, 6768, 2447, 6023, 3434, 2285, 3376, 3431, 1187, 556, 3888, 6962, 2194]
FP: [2172, 3385, 6108, 6104, 4563, 271, 5281, 6007, 6099, 2205, 6041]
FN: [1994, 776, 6127, 2707, 1511, 3452, 1646, 1964, 2360, 103, 2474, 2497, 3616, 1385, 789, 2469, 780, 7144, 2986, 94, 2672, 344, 1968, 2681, 2701, 2111, 977, 1003, 997, 369, 1833]
TP: [3316, 1936, 3547, 5107, 509, 2045, 6669, 5583, 2806, 2127, 4278, 6573, 3031, 1925, 3458, 6639, 26, 3120, 6742, 4024, 4261, 4392, 5522, 3088, 6454, 109, 6535, 6293, 872, 3560, 3598, 6753, 6091, 6362, 6799, 3410, 3999, 1731, 4003, 7186, 1337, 4262, 5038, 4974, 5777, 4488, 4008, 3700, 4145, 2641, 944, 4908, 532, 6297, 3025, 4986, 6634, 897, 2637, 5662, 848, 3613, 4779, 2848, 2188, 4544, 5134, 4954, 4792, 7162, 818, 6486, 6806, 55, 222, 4236, 6625, 4244, 2946, 3866, 5234, 2243, 7189, 3555, 1303, 2182, 4140, 4250, 5209, 1434, 2758, 4002, 376, 1665, 5149, 390, 6463, 1667, 564, 5588, 3857, 315, 7141, 5135, 4828, 2747, 6726, 6239, 5636, 1794, 4121, 2592, 3682, 5184, 4400, 4294, 3313, 1040, 6222, 2621, 2554, 587, 6805, 1321, 2332, 6132, 4533, 1246, 5974, 3233, 5916, 252, 912, 6069, 5590, 2087, 3769, 5632, 6665, 2081, 5756, 2763, 4239, 3536, 4081, 3655, 60, 2230, 5619, 4735, 4716, 4085, 2060, 3020, 246, 5934, 1029, 180, 184, 2643, 3568, 3864, 2009, 228, 851, 7171, 141, 3055, 3881, 7005, 1313, 3594, 4280, 6135, 4197, 4071, 5664, 878, 7111, 602, 4864, 4699, 3098]
TN: [658, 2441, 3432, 5380, 4440, 5507, 548, 7205, 2395, 1823, 4604, 2436, 2435, 6858, 5421, 2781, 544, 3990, 5794, 6865, 5416, 744, 4656, 1140, 6861, 2779, 1172, 5378, 6831, 5390, 2739, 5085, 6351]
FP: [5441, 269, 2579, 4634, 2581, 266, 4556, 766, 3383, 253, 6039, 5999, 6398, 2580, 6396, 3197, 254, 1678]
FN: [985, 784, 3485, 1517, 6058, 1086, 5854, 2473, 6232, 6324, 5791, 6204, 1396, 5835, 2703, 1980, 6412, 1395, 6848, 6729, 1468, 2688]
TP: [3078, 3767, 5984, 1933, 4997, 909, 953, 4944, 3553, 5552, 164, 6533, 3821, 3107, 932, 6484, 4956, 2854, 4412, 679, 2636, 2861, 5335, 5556, 505, 4047, 1462, 3014, 1609, 1419, 4238, 1203, 6180, 4704, 5194, 1659, 7012, 3531, 2547, 726, 4217, 6500, 4573, 3125, 3335, 5229, 5681, 6426, 3024, 5318, 5596, 1458, 1733, 1459, 2028, 3428, 6089, 4240, 4970, 4089, 3218, 964, 2927, 2174, 1213, 4364, 945, 6949, 5244, 7143, 300, 6415, 5694, 1605, 3543, 5473, 3347, 2037, 598, 563, 3933, 916, 6546, 3413, 3267, 5475, 3241, 2962, 5575, 569, 4158, 1254, 4265, 4376, 4395, 2150, 4855, 7073, 914, 5255, 3277, 5682, 3880, 1872, 4825, 3546, 4787, 666, 211, 3541, 1450, 5563, 3554, 921, 2646, 2209, 4902, 1780, 4923, 939, 1752, 318, 6430, 3312, 6173, 6706, 1278, 3971, 4134, 1299, 134, 6680, 2751, 3064, 5208, 5142, 3091, 5655, 4182, 5614, 4297, 3661, 4733, 4784, 4846, 4523, 894, 5671, 504, 6425, 66, 2606, 407, 3642, 6182, 5169, 6521, 4206, 449, 4299, 4668, 5405, 734, 3156, 6498, 834, 3392, 2282, 600, 5924, 5117, 2343, 3456, 4194, 10, 674, 2829]
TN: [2523, 1688, 6918, 4442, 5795, 2790, 5808, 6958, 5802, 2288, 1195, 464, 6822, 5525, 7253, 258, 4638, 1844, 5417, 553, 2784, 260, 6788, 5514, 2316, 657, 5379, 546, 1566, 754, 547, 2442, 5903, 3802]
FP: [3787, 7056, 4633, 6884, 5275, 2582, 5280, 6397, 2794, 6891, 5284, 5462]
FN: [5293, 6316, 1588, 6286, 4754, 6303, 791, 2418, 6791, 2656, 5853, 2709, 2906, 152, 6919, 2503, 2990, 1898, 356, 1471, 5881, 6328, 7133, 2718, 6330, 2357, 3618, 3637, 2458, 1654, 5856, 2712, 371]
TP: [6134, 1049, 6933, 6369, 5945, 539, 4276, 659, 6717, 5226, 2569, 3237, 3973, 378, 3575, 2571, 6645, 5408, 4211, 5660, 4486, 1374, 5717, 51, 2328, 6391, 1778, 4711, 7086, 6292, 6218, 6192, 1201, 1736, 5697, 1608, 6580, 4818, 2814, 831, 2909, 1322, 2024, 5967, 4119, 6946, 5231, 4411, 7075, 1676, 3292, 7100, 4313, 2628, 3285, 6414, 307, 5094, 3701, 6596, 7209, 235, 534, 5008, 908, 7129, 6366, 5987, 4851, 3029, 2875, 2219, 40, 5597, 725, 6419, 2983, 4086, 4850, 6117, 4425, 3840, 5337, 1288, 967, 599, 2043, 5063, 1285, 4298, 1882, 4380, 3154, 3514, 4302, 3969, 5177, 1671, 1729, 1807, 7227, 3975, 3689, 302, 4706, 3566, 5230, 717, 3397, 882, 6423, 6076, 2866, 297, 5103, 1886, 6718, 111, 3731, 1347, 3217, 1710, 1090, 5287, 6587, 4199, 6451, 7152, 5589, 4826, 833, 2803, 4480, 1320, 579, 4246, 1928, 218, 6531, 2117, 1829, 4200, 7008, 3141, 1076, 3662, 4915, 5568, 1741, 1016, 6516, 4965, 2038, 4695, 2279, 3113, 3696, 5701, 6646, 3322, 5642, 2025, 2078, 1814, 3770, 5338, 4128, 7135, 5260, 4434, 3549, 5765, 664, 394, 4605, 2958, 2839, 3997, 6690, 4957, 5017, 3688]
TN: [1133, 2777, 5533, 1150, 1502, 5913, 2405, 1492, 1126, 5534, 4645, 2520, 1505, 1480, 4649, 3810, 1111, 5910, 4644, 3987, 2191, 2490, 334, 1130, 1619, 2192, 1845, 7254, 1846, 5351, 6952, 3351]
FP: [5451, 6274, 2585, 6014, 2792]
FN: [4458, 1959, 6280, 1788, 1587, 4751, 6123, 3440, 4452, 4597, 981, 2680, 107, 2724, 979, 6284, 1790, 2536, 346, 2464, 6206, 1098, 5876, 976, 1550, 36, 2501, 1115, 2303, 358, 1831, 6332, 2919, 6314, 2364, 6741, 6210]
TP: [3846, 3936, 1610, 5936, 1369, 6986, 1893, 3172, 4335, 1301, 3396, 6483, 4693, 2130, 4424, 4027, 3276, 5399, 4686, 5962, 3670, 489, 4843, 5343, 521, 6368, 4869, 3236, 6744, 6812, 6457, 2971, 3573, 6154, 460, 3882, 1721, 0, 4507, 4664, 7096, 3871, 3053, 3046, 6143, 2334, 5477, 3660, 7106, 4580, 1768, 4339, 4665, 5935, 6677, 588, 5495, 4213, 20, 3095, 5030, 5201, 4895, 7208, 2020, 6631, 179, 189, 3318, 1851, 6994, 4898, 6591, 6509, 852, 44, 6075, 4479, 25, 1061, 4156, 7226, 3497, 2653, 4824, 391, 4730, 1739, 6087, 6442, 3663, 7124, 3146, 6119, 7166, 5738, 3658, 875, 6672, 2268, 1426, 2152, 6555, 3640, 5263, 727, 2099, 590, 4157, 2062, 3828, 595, 3213, 4534, 4372, 136, 931, 2948, 3588, 3529, 5217, 5126, 2807, 2119, 471, 1931, 1871, 171, 7182, 6078, 7172, 1216, 1614, 899, 694, 4234, 618, 6203, 3343, 5065, 4671, 3420, 6389, 566, 858, 2568, 5991, 4324, 6764, 673, 1425, 2591, 1603, 6092, 493, 4332, 824, 6224, 3290, 4726, 4117, 2598, 5093, 4365, 4777, 6177, 2252, 4388, 1754, 1370, 5478, 7165, 2552, 2877, 1454, 3711, 4841, 959]
TN: [3918, 3378, 1482, 5801, 2414, 5422, 3913, 1184, 6915, 5352, 3808, 340, 2416, 1500, 4762, 1687, 1153, 4350, 1108, 2510, 2957, 2315, 6826, 6016, 5539, 753, 3891, 4643, 1571, 741]
FP: [6272, 5276, 1683, 6026, 6064, 2208, 5460, 3195, 6100, 6278, 1360, 3198, 6881, 6032]
FN: [2495, 2496, 2921, 6267, 1516, 3482, 6229, 6790, 1006, 2912, 2695, 2689, 5885, 790, 4449, 1555, 3623, 1908, 3478, 6343, 1553, 1581, 2666, 1510, 1577, 3443, 6302, 1091, 1530, 2994, 4600, 6124, 2540, 6873]
TP: [2944, 698, 5113, 5939, 4103, 4177, 5269, 4222, 306, 3593, 561, 3735, 2832, 2101, 4680, 6969, 7081, 2281, 197, 380, 200, 4799, 187, 3037, 4528, 5015, 4252, 3657, 5131, 3524, 5170, 3611, 4108, 6976, 6608, 4318, 1883, 934, 1453, 3728, 542, 4669, 4714, 4951, 6235, 3509, 5676, 6607, 2122, 6513, 4162, 5406, 4268, 2753, 1442, 606, 5247, 5345, 533, 1316, 4092, 5971, 4115, 4055, 6510, 5977, 6152, 524, 5062, 3600, 2088, 5331, 3070, 5021, 613, 3228, 2612, 811, 23, 410, 5740, 1724, 3694, 4374, 193, 2891, 5612, 5703, 5629, 4670, 1344, 4068, 6245, 6981, 716, 4334, 5476, 2055, 3698, 4429, 4208, 295, 6299, 2756, 4139, 5763, 5211, 4420, 4413, 397, 14, 6254, 445, 3426, 4293, 3303, 6526, 4911, 5262, 5213, 4401, 2356, 7082, 4187, 5496, 5752, 1368, 1210, 1424, 1319, 1600, 2812, 508, 4074, 2804, 76, 4527, 520, 2908, 4149, 62, 1317, 3641, 1295, 2604, 4309, 4050, 2, 3587, 5181, 2075, 6492, 474, 4060, 4090, 5157, 3229, 3279, 1336, 4153, 924, 5616, 5573, 4135, 4696, 5698, 6725, 1432, 2320, 4685, 4191, 5480, 5650, 5665, 2267, 3523, 2245, 5336, 605]
TN: [259, 3902, 7246, 5384, 335, 5327, 648, 6842, 1162, 2426, 1848, 1501, 3377, 2306, 5803, 7251, 1169, 1497, 1154, 5357, 3914, 1192, 5346, 5511, 3912, 5376, 467, 1197, 5365, 3984, 1474, 1159, 6819, 6017, 4601, 6773, 647, 1479, 2737]
FP: [6893, 3782, 6275, 3776, 5433, 5997, 6875, 6001, 6046, 1817]
FN: [2494, 2462, 6874, 1544, 4743, 6205, 2387, 2369, 1541, 6060, 363, 3625, 1536, 1787, 1398, 6059, 1977, 1387, 2478, 2358, 33, 2662, 1080, 2380, 1990, 5852, 6289, 5855]
TP: [6363, 711, 5721, 1797, 4571, 7179, 6987, 2856, 1423, 6427, 868, 243, 6545, 5243, 110, 1629, 923, 6493, 7018, 6497, 4722, 6479, 7026, 571, 3325, 2050, 7036, 4321, 2960, 636, 7094, 2570, 6511, 7101, 1800, 6577, 3946, 2929, 5553, 3001, 5593, 5315, 6655, 3562, 3699, 2103, 6202, 5986, 4181, 4780, 2910, 2549, 4516, 5003, 5035, 4383, 817, 3691, 3090, 3609, 1024, 4192, 6407, 6144, 6810, 905, 3739, 6518, 6188, 5039, 3006, 808, 6797, 1887, 4269, 4929, 3816, 2010, 5018, 3074, 4925, 112, 5686, 4517, 4801, 5691, 3737, 4791, 3083, 484, 3725, 5628, 3496, 226, 2241, 4728, 3977, 4107, 1315, 5635, 5947, 3742, 6512, 688, 3007, 2116, 3308, 2012, 2923, 389, 1740, 3114, 61, 988, 5753, 5033, 4672, 3836, 128, 3101, 3423, 1954, 5162, 2562, 2805, 2577, 6749, 4017, 6, 1292, 4539, 5099, 4279, 5055, 71, 2649, 5489, 6936, 5246, 2224, 229, 382, 2556, 3931, 850, 881, 4935, 1234, 6359, 4407, 3533, 3403, 4979, 4084, 3159, 4053, 5523, 6489, 2329, 5516, 5252, 388, 4464, 426, 6416, 3551, 583, 308, 4093, 5898, 2810, 6167, 7230, 5571, 4778, 3028, 1764, 1311, 2965, 2142, 5659, 4235, 4707, 2319, 5631, 6433, 1242, 4341]
TN: [7240, 4603, 3364, 2785, 1488, 3908, 1523, 750, 2313, 1156, 5890, 5825, 6005, 1139, 3898, 1125, 1189, 2522, 2401, 6778, 2403, 5796, 6817, 6908, 2525, 6917, 4349, 2312, 2199, 2526, 5363, 736]
FP: [3783, 2793, 4553, 2801, 5427, 6037, 3786, 5998, 3187, 6030, 2168, 6886, 6103]
FN: [5845, 999, 1971, 1832, 2541, 1838, 6327, 3622, 1079, 6795, 97, 1640, 6126, 1995, 1955, 1506, 364, 2913, 6268, 2696, 1907, 1560, 35]
TP: [1202, 5542, 2752, 3331, 3219, 6900, 4465, 3538, 1697, 6168, 3567, 4892, 950, 4871, 3000, 5972, 3047, 1809, 4340, 5558, 4035, 6549, 678, 3345, 7174, 7016, 3334, 4684, 4120, 3527, 7045, 6459, 891, 570, 574, 7, 6377, 5749, 4861, 6240, 2070, 5730, 6179, 952, 4051, 4023, 4513, 7079, 3038, 3834, 5725, 707, 3063, 3506, 328, 4393, 3289, 2961, 4873, 4422, 700, 6159, 671, 374, 3954, 5925, 3844, 1245, 447, 5221, 1037, 3226, 201, 5737, 6747, 1631, 5734, 2634, 4991, 7027, 224, 2941, 27, 6682, 6578, 5719, 5518, 4022, 3576, 403, 3023, 689, 1258, 6474, 3876, 3947, 3505, 2250, 5622, 5002, 731, 3238, 4853, 1863, 327, 704, 1937, 6676, 2546, 4910, 3710, 842, 627, 79, 5490, 5961, 4613, 5928, 1923, 3851, 1310, 1300, 3690, 4678, 5544, 4160, 7072, 827, 4105, 5464, 5010, 7261, 299, 958, 2007, 6482, 7215, 3260, 7191, 6367, 6225, 3087, 4295, 468, 856, 4836, 2187, 5953, 7030, 6967, 3402, 121, 5608, 1366, 5778, 5645, 1656, 3761, 5396, 1447, 6901, 6948, 5024, 3929, 4469, 1751, 1343, 1019, 4832, 206, 7097, 814, 4617, 2141, 5576, 1229, 6298, 6487, 2868]
TN: [3894, 550, 1102, 5387, 1522, 1521, 558, 1591, 1562, 3901, 5084, 5820, 6355, 2412, 2528, 7249, 2449, 1123, 1567, 5359, 3357, 2430, 6771, 6823, 1142, 5510, 262, 1136, 1565, 4437, 1486, 2489, 6912]
FP: [5279, 3384, 6114, 256, 6035, 4636, 2800, 3185, 5438, 7058, 6883, 3781, 2163, 6895]
FN: [2673, 1974, 2371, 968, 6794, 970, 4749, 1987, 6872, 2992, 5842, 2991, 3632, 2720, 973, 360, 1835, 2698, 6341, 1094, 3634, 2677, 1858, 2366, 4748, 4455, 1547, 6264, 6307, 3454]
TP: [1805, 6116, 3574, 758, 4368, 3179, 634, 5407, 3406, 5927, 3273, 3584, 2258, 5227, 7037, 822, 3580, 316, 1013, 4535, 4317, 3036, 3603, 1709, 6472, 4849, 7099, 4168, 5138, 4387, 4292, 5933, 3751, 4922, 5726, 1932, 6950, 1674, 1232, 2560, 7109, 5096, 4336, 2336, 74, 7235, 5028, 1410, 2617, 1298, 3425, 2066, 5191, 589, 6371, 6434, 5000, 5574, 6659, 204, 7023, 4188, 1596, 3528, 1795, 3596, 3076, 4260, 5502, 22, 46, 2608, 4303, 2276, 3134, 4731, 6709, 194, 2964, 6540, 1068, 4259, 4014, 4062, 6575, 1755, 417, 4821, 2830, 5644, 2104, 6085, 4013, 1249, 3112, 3254, 386, 4966, 2754, 4210, 4622, 2762, 188, 2966, 3044, 4920, 1753, 1878, 1200, 2863, 1379, 3651, 85, 5395, 888, 3122, 6139, 989, 5128, 7225, 6528, 5104, 1734, 5692, 801, 620, 901, 5674, 5973, 2137, 794, 7041, 4701, 4154, 4251, 3009, 4367, 3961, 2080, 7046, 6447, 183, 478, 1448, 3465, 714, 577, 7229, 124, 4155, 375, 2102, 4064, 2046, 482, 3732, 4804, 1233, 576, 5932, 4999, 597, 3011, 4928, 584, 6190, 5178, 4661, 5146, 3487, 7158, 3240, 399, 887, 3330, 4133, 3216, 3721, 1756, 6556, 2236, 4233]
TN: [1193, 2488, 2450, 6048, 1484, 646, 2788, 2457, 645, 3910, 5324, 5805, 2453, 5530, 5418, 5348, 7252, 5086, 2512, 746, 7238, 6860, 644, 650, 5816, 5813, 1569, 6815, 1827]
FP: [6021, 6112, 6896, 270, 2588, 2169, 6105, 7061, 6399, 2201, 1841, 2207, 5443, 6036, 159, 6096, 3775, 3778]
FN: [1579, 2697, 5860, 2378, 2897, 2694, 104, 1002, 6871, 2671, 1902, 6929, 4592, 1956, 7055, 1997, 2534, 1584, 4454, 2421, 1897, 1556, 2700, 1578, 1576, 1549, 6305]
TP: [4712, 6691, 1015, 6370, 1942, 4623, 205, 6997, 5690, 3221, 5627, 3681, 4666, 4307, 1952, 7116, 6147, 6750, 294, 5215, 1381, 6582, 3494, 2873, 3328, 1950, 4883, 4584, 562, 2132, 5561, 2632, 2156, 5188, 5080, 966, 2106, 690, 3772, 667, 287, 7089, 2215, 4903, 58, 1802, 1349, 5675, 4494, 5152, 190, 6705, 2623, 459, 3067, 4258, 2853, 6567, 503, 1259, 1023, 6424, 6243, 314, 886, 3610, 2903, 2226, 4462, 1861, 1253, 1377, 1732, 4803, 6228, 3537, 4045, 4624, 2607, 2937, 3161, 6666, 2818, 438, 3232, 6975, 6386, 2248, 4054, 1275, 3589, 3713, 5161, 805, 4391, 4842, 423, 118, 6804, 5938, 3129, 3750, 2263, 5649, 4150, 1885, 6157, 1214, 1294, 5334, 3949, 446, 5404, 2642, 5219, 4493, 962, 4416, 2239, 3577, 4360, 7093, 7164, 3326, 2743, 325, 1941, 4814, 5640, 3502, 5026, 1669, 2645, 1775, 987, 515, 3926, 1041, 6138, 3558, 5223, 414, 3847, 1351, 2153, 5011, 1746, 485, 4042, 7112, 1810, 5034, 2275, 6527, 4982, 5137, 3003, 3096, 5498, 3595, 4366, 836, 5022, 2616, 6604, 6163, 6160, 5185, 6452, 2121, 5195, 52, 5648, 3649, 5492, 3057, 5403, 2942, 2622, 2545]
TN: [6838, 1179, 4655, 5824, 1616, 5889, 2452, 4347, 5829, 4641, 3796, 261, 3797, 5413, 5905, 7248, 2407, 3354, 6841, 2294, 2513, 6845, 2529, 5382, 2290, 2491, 6354, 5374, 6045, 3358, 3900, 6954, 3807, 3799, 5793]
FP: [6038, 6395, 5458, 160, 4558, 764, 6401, 3785, 6107, 5282, 6877, 4552]
FN: [5841, 6409, 5832, 351, 5294, 1515, 3472, 345, 2693, 145, 1114, 1970, 6733, 6924, 6333, 2685, 2917, 1540, 1836, 7050, 781, 2423, 6283, 2686, 6738, 6868, 4451, 6853, 1967]
TP: [6610, 5147, 830, 4874, 5412, 227, 247, 2769, 1252, 6944, 2218, 4390, 1046, 3869, 3282, 4185, 3557, 6813, 5254, 2572, 2157, 3139, 494, 3948, 7131, 6641, 1737, 3249, 2882, 2846, 6663, 2648, 5657, 4700, 4912, 6502, 1371, 809, 5976, 867, 5411, 2229, 7000, 5992, 2635, 948, 4487, 2213, 6593, 838, 3281, 4026, 401, 6140, 3545, 2335, 3142, 2085, 4524, 1742, 3066, 6710, 4080, 2817, 5045, 4109, 5981, 6943, 5306, 6644, 3056, 1287, 1281, 1056, 6460, 3284, 2836, 5626, 4940, 6520, 3921, 3135, 2318, 3085, 5082, 6932, 4257, 1240, 2255, 1630, 3757, 6651, 1042, 6809, 6667, 4989, 4075, 4172, 1602, 6506, 5630, 1595, 7185, 7193, 1028, 3166, 6704, 5601, 323, 4958, 1408, 5118, 840, 6907, 4660, 6176, 4460, 3525, 4088, 440, 4729, 3299, 6560, 81, 7220, 4916, 432, 7017, 450, 3124, 5706, 3414, 3339, 721, 6250, 7032, 1420, 5467, 4538, 7121, 6183, 5057, 4621, 2237, 3884, 732, 5603, 5, 3504, 442, 861, 5624, 7022, 4947, 301, 3687, 1735, 2035, 4159, 718, 5341, 6088, 6798, 279, 277]
TN: [1173, 1824, 4757, 3368, 5375, 2775, 1182, 2396, 5538, 6050, 3991, 2440, 1181, 6349, 3349, 2455, 5509, 642, 1564, 1146, 7256, 2778, 5504, 2314, 4435, 1621, 5505, 5420, 1194, 1626, 5906, 1623, 1499, 4445]
FP: [6011, 1679, 2798, 6065, 2170, 3390, 5461, 760, 6097, 6047, 4554, 5459, 4629, 5449, 5452, 3186, 7063, 6111]
FN: [2706, 2297, 2476, 1911, 1649, 1513, 3484, 5882, 3477, 1901, 149, 95, 2894, 2535, 5295, 1117, 2459, 2299, 1007, 1573, 2383, 1545, 4595, 93, 2715, 1393, 1900, 2500, 1394, 2359, 105, 978, 3475, 1383, 3447, 1532, 998, 1508, 2377]
TP: [7223, 5307, 65, 49, 3863, 4506, 4785, 1661, 2225, 7178, 2869, 669, 4831, 7095, 7169, 4138, 1658, 3601, 4263, 3148, 2344, 4586, 6687, 4737, 4386, 6083, 2827, 2260, 3027, 1058, 6461, 1815, 1296, 1039, 6576, 5623, 4924, 5257, 6431, 5109, 528, 6444, 6766, 5091, 1219, 6178, 4382, 4410, 6090, 333, 182, 6193, 3590, 6246, 4783, 4137, 3606, 4371, 675, 5952, 5004, 437, 491, 5646, 4802, 5668, 5729, 7117, 1672]
TN: [6772, 1524, 6953, 1526, 3792, 3909, 555, 6816, 6052, 5822, 752, 3375, 1137, 749, 2189]
FP: [4630, 2165, 4631]
FN: [2420, 6207, 2361, 2665, 7054, 1081, 2669, 2499]
